19.0000000000000006595863874
19.0004255884669655800621792
23.8034027441869555556565815
40.2624801222926839067738438
19
19
19
19
19
19
19
19
19
19
19
19
19
19
19
19
19
19
19
19
30.7615685405886248077127705
30.2702776119373111821033666
30.6428420075254438150962238
44.9494633797427819773025216
28.9807119696769093225742642
28.6037039437192381652993764
28.2494861005295104525457108
27.9162093509547520744236001
27.6022090286090318619881706
27.3059834991775756525306471
27.0261755348476892540169227
26.7615560717492526099892840
26.5110100215731784990246597
26.2735238552196731688523176
26.0481747167948469570620527
25.8341208610357077383800098
25.6305932370229587624563908
25.4368880664096882578981247
25.2523602860174002322906600
25.0764177430615580382908252
24.9085160469226537403940433
24.7481539947175715064729950
24.5948694993011684983460538
24.4482359580249231946928499
36.2603593780879795194291511
35.6217612547351040230117994
35.0436797026408754892258026
43.2820623445027037247263945
57.8827072487062438707107780
33.4287158530246936903342045
32.9566494381659463025890660
32.5103718083614770916902342
32.0879337291156930959280550
31.6875709487198092427910693
31.3076834758637237832471737
30.9468174743415120737699525
30.6036494175857565777250886
30.2769721957602878797757799
29.9656829117167211921564349
29.6687721396440537528045359
29.3853144525253743573043886
29.1144600520294539444786691
28.8554273580289949864327436
28.6074964349443377967584951
28.3700031492080916165783208
28.1423339667385582889048161
27.9239213116836976197695511
27.7142394183634809587507064
27.5128006174005184785400118
38.9472933391715691934830097
38.2788106017767747334512545
40.5681882677627748539571768
56.1632207404404232323769898
36.4933960993476314339291244
35.9621941444552364223805472
35.4589162988949715685079455
34.9814880500371607975216318
34.5280305034071735411507098
34.0968385089899770348869991
33.6863615463339397430861736
33.2951869935698469798285850
32.9220254571915802310510294
32.5656978847579449739768850
32.2251242220084493929849887
31.8993134096956940360050876
31.5873545445023761466467207
31.2884090531267323325008994
31.0017037498378445439418786
30.7265246658088031973781302
30.4622115539579981517123507
30.2081529861408888874979226
29.9637819707725096678657964
29.7285720285681474843754956
41.3114422494164761162634653
40.5988925114312794460411106
40.2190190634165200107163446
52.1526251764245249458488343
38.6920276054903630240280193
38.1234502154089380941130958
37.5841764853651254846891569
37.0720398849371114263832116
36.5850783511587808274697884
36.1215113864565647202722983
35.6797200436742522100450335
35.2582294083680109257112638
34.8556932412069066458996389
34.4708804899280519355412702
34.1026634209799237772391758
33.7500071562286434139889872
33.4119604303511547802893016
33.0876474105061714537561328
32.7762604420362835693461661
32.4770536028886507824327595
32.1893369656561246068520653
31.9124714798852591213489342
31.6458643991554293483683759
31.3889651875063639554452618
43.1333033018840744478294741
42.3879705811054718527622970
41.6876449770787102445898334
47.2110252197275903213840018
62.1396569053168785515519685
39.7955903289375302463023364
39.2300831735348065750269532
38.6927335405463076572635567
38.1815053078861719898598252
37.6945513502920262310481754
37.2301926547834634936623166
36.7869000404719761936391914
36.3632781334510918644362605
35.9580512948034364009914624
35.5700512414261558682868762
35.1982061356318267013385163
34.8415309509060373959400580
34.4991189481242064395425665
34.1701341196583907650853030
33.8538044785807268768852711
33.5494160870838880622523418
33.2563077326833060982845974
32.9738661731410522647202738
32.7015218816191234057505776
32.4387452326404260495302681
43.8423387684575889034980670
43.1136079510613904104021320
43.8764722307606148826867665
58.0637515113880676716614912
41.1550468659721937116636628
40.5685035784548424614181996
40.0110216441622303511076530
39.4804940763484795716215257
38.9750101735096468699576038
38.4928337902751953884491020
38.0323843117681038719446776
37.5922199727096037490987546
37.1710232095895317988086376
36.7675877763203943524061944
36.3808073908143480749002999
36.0096657120754427453095728
35.6532274752492560166545573
35.3106306359713620406523126
34.9810793959010346384418872
34.6638379989332298926829615
34.3582252025811750722480265
34.0636093420121948398911290
33.7794039151698965338566317
33.5050636269495673553733990
45.0699065180061265782161543
44.3189197066045229915784150
43.6808212399741505297571961
52.7307950153074389963427582
65.8275323771616051534679076
41.6959317439399699478934272
41.1213007596696860001349117
40.5744013542502473054424177
40.0532605110405550464020951
39.5560861333850367134771764
39.0812472963509890227736270
38.6272569253356137853350005
38.1927565825903636903782875
37.7765030844023401184832175
37.3773567088972828649644560
36.9942707871280424159847859
36.6262824985056754242407679
36.2725047162109218591169471
35.9321187694305446522514248
35.6043680074040538603465425
35.2885520659152271203705498
34.9840217502255142612091964
34.6901744599561372724077345
34.4064500912506760743934578
34.1323273600453154481793682
45.3642328073438567649892704
44.6356931929460314760458272
47.7223386347637885241479306
62.1764187220020025436995819
42.6711921951853093703841843
42.0812897198030424424711866
41.5198659094344354526584020
40.9848861434556160578672967
40.4745029828622669320157202
39.9870357322941821667282448
39.5209525009003057081861212
39.0748544388279274445344010
38.6474618665631658937218658
38.2376020511304253673289028
37.8441984159002671851186338
37.4662609994128912079144787
37.1028780037258555693831733
36.7532082943641075916279270
36.4164747327106839719710279
36.0919582377135718942634465
35.7789924876127861225348586
35.4769591843165291657565907
35.1852838132146749535408923
34.9034318400402566107786305
46.2903031491113129379317121
45.5438134952065657053984384
45.3952675669157167294500608
57.1868757039377449044484871
43.5324103887520303190939329
42.9284856704828548622376345
42.3537686234105361029649160
41.8061636682819956108871033
41.2837685187713181750397887
40.7848530997487385098936402
40.3078410228381823991127105
39.8512932957375178849267125
39.4138939798528266429289918
38.9944375462163841890611933
38.5918177118772422394253080
38.2050175675996877002303167
37.8331008328109619550371894
37.4752040957478426751674520
37.1305299157560918791572996
36.7983406811468161033567888
36.4779531302501385196714795
36.1687334554802361429644519
35.8700929208097810673385185
35.5814839320989408983758410
47.1245929528051116775896163
46.3613465768138458480614718
45.6509114436764951338416695
51.6842218134963374008831123
64.9567754781068448080460874
43.6884169237591258410895539
43.1012663307439094625290191
42.5418841750855487829977246
42.0083139184315399223507870
41.4987765479855561630732906
41.0116515108960483543867044
40.5454599281506596103726994
40.0988498033218788070510534
39.6705829746413250402507937
39.2595235898468649778411459
38.8646279112256102451996483
38.4849352832684053933700671
38.1195601173149526037965079
37.7676847667993886854927547
37.4285531833714699021895871
37.1014652586830308300543346
36.7857717690905619108298437
36.4808698513588729658439925
36.1861989467831104476735684
35.9012371591663844423390276
47.1070236676746704290356641
46.3698277370816196644592427
47.5962260430366844503485596
60.5523206214301484099502252
44.3791212850932304902377789
43.7801639552714201480940654
43.2096221474680337112049965
42.6654858894416220855605127
42.1459278355128138015183747
41.6492837178512394017690622
41.1740351071379199736449334
40.7187942032049326632681466
40.2822904058127991034002975
39.8633584444671313838759462
39.4609278729703734043696327
39.0740137587010642794532499
38.7017084183244673108025839
38.3431740707839734346611385
37.9976362951974362940583463
37.6643781959213535347899167
37.3427351897182032161335850
37.0320903410038819052125356
36.7318701806756239386462922
36.4415409522374680263039915
47.7945723532882398395176231
47.0428454993874885122512370
46.4869240950828539023608954
55.2628827155082664253949996
45.0137324229405390654870610
44.4034454627847307251663915
43.8222123825382176680113341
43.2679709036045052573897930
42.7388461902696106697876163
42.2331308923192060412005750
41.7492675069458696932102156
41.2858327913722668354632783
40.8415239819862724381137723
40.4151466011506401861848077
40.0056036576564477949832226
39.6118860698882741026533040
39.2330641617606975171895244
38.8682801003455100025062171
38.5167411606884536974483392
38.1777137180146829717065133
37.8505178802632654950924590
37.5345226850326149143875453
37.2291417947057001285905318
36.9338296319428474625408074
48.4341629644546336826693441
47.6683666275471014500640682
46.9443943659473358822616077
50.3162210741395842768411097
62.9193628901104541430033795
44.9808143313221992285660506
44.3892604673995001860225486
43.8252763532134155595221655
43.2869408051713482624834842
42.7725042584378219972157002
42.2803707988758741668057521
41.8090822486161480593974194
41.3573040714403684391087766
40.9238128849634340666729633
40.5074853883252578967606926
40.1072885353288530230305842
39.7222708028041091873579200
39.3515544221160129644609501
38.9943284579686552750256203
38.6498426331348738250666805
38.3174018104632593309849010
37.9963610546709766660801564
37.6861212061929586950521784
37.3861249078539531512807241
37.0958530325462874456889144
48.2540098484329316362532963
47.5159485765576325733767155
47.5978016090975729199495766
58.1457458210957572242887530
45.5196709363291985320465594
44.9181026949811201919672507
44.3446733485220545647291945
43.7974168638016058817739057
43.2745426111063386275031648
42.7744171516014924116080716
42.2955480593219778397898826
41.8365695603056433930501669
41.3962297858456384946459392
40.9733794544120183599584641
40.5669618152858664848629540
40.1760037050020564504030265
39.7996075847373375090864631
39.4369444423179842952266267
39.0872474566047162675487426
38.7498063344682546067154432
38.4239622417169341070136053
38.1091032589698431101667878
37.8046603021332429851163467
37.5101034544474103330250603
48.8056479622519130083369758
48.0551085361553441282705308
47.3738369426740184153613821
53.0932956823135672160912441
64.4472945394367210340300332
45.4144376741373887968154323
44.8318179294255408679077058
44.2758865404803905944720298
43.7448132905932274769066554
43.2369283649573652315988338
42.7507059870990092522186830
42.2847498502380302887031228
41.8377801557672443581129862
41.4086220829052741829097754
40.9961955283985739241353788
40.5995059706521796266983979
40.2176363281142022404982296
39.8497396961968993648190939
39.4950328603816660752792867
39.1527904952856789996896356
38.8223399702421233906912041
38.5030566915954917586012612
38.1943599203710102136576148
37.8957090114331053705503612
37.6066000268302302221291252
48.5651723273101990959433970
47.8422814244093571057356961
49.2378062653140264311968298
60.2606532835132341627595690
45.8827544347052779474563268
45.2911726441619801930950785
44.7267841531096436775881361
44.1877210118884692789446376
43.6722784790652941036051264
43.1788985670579275756697537
42.7061553368963613089884718
42.2527417757281163744013287
41.8174580951738727212158059
41.3992012984167364695273798
40.9969558761600099165144953
40.6097855046644438833065205
40.2368256320766797434636556
39.8772768516002196802312911
39.5303989715091527235664066
39.1955057024011926447717464
38.8719598914117358880005758
38.5591692414778071567191410
38.2565824610954839455007662
37.9636857965434625671831232
49.0497399833544142433568515
48.3156463258268286216993853
47.8593646435575568182904876
55.5170352580610915238832660
46.3266301176714466865289978
45.7263000330911425114726149
45.1536554920692198293802398
44.6067930935499655306292585
44.0839749602152380172392426
43.5836123072854150724127364
43.1042506863839894288016987
42.6445567669463521375520395
42.2033065127103099089090917
41.7793746141271447616168354
41.3717250453764323420728950
40.9794026247412272422904196
40.6015254680283365891207657
40.2372782356431830264938151
39.8859060844619877932154608
39.5467092453592903869283116
39.2190381561821619476322867
38.9022890880649886477376173
38.5959002101278439299787206
38.2993480440943028744717535
49.5116700032997341872457187
48.7667841624248324191255543
48.0638472783176643463646745
51.1933848432291765538805888
61.6733200414381558386502774
46.1400715223384632682453524
45.5593639682719437996015479
45.0048828867447331532455325
44.4748594406461496861212163
43.9676757713768994943774172
43.4818502941445029869545365
43.0160244607760541415431741
42.5689508734499127933987326
42.1394826278282411984944460
41.7265637661640637548203076
41.3292207272602358739673463
40.9465546882164751514118486
40.5777347021269421032626870
40.2219915449649624692225979
39.8786121938156579321712182
39.5469348669337532506080264
39.2263445637294707657117108
38.9162690497550812613646773
38.6161752379949665063229112
38.3255659233270244617707405
49.1979003860000112750424369
48.4810974639406473304570702
48.6721465300097225133759977
57.4010752520334132836190441
46.5348190281468314069265713
45.9462403733663089969865198
45.3843177002186386604438364
44.8472538210786388981504982
44.3334038742000162340349786
43.8412607917132043011880959
43.3694421357412411233746535
42.9166782194945107457141667
42.4818014149298830772363010
42.0637365436076707142009639
41.6614922485523510783246077
41.2741532496669117386862947
40.9008733919091899246776326
40.5408694029153249912780371
40.1934152844159641920598975
39.8578372693140694531261023
39.5335092833250687457107968
39.2198488566532093105085313
38.9163134371472389985344388
38.6223970617414278689688885
49.6108394545580300708152906
48.8844667460620887744377430
48.2478437052163661408205737
53.0959809094331955630599467
46.9124468841327555961412804
46.3161935554386484293291272
45.7470082217349739325417002
45.2030684396908007108178880
44.6827048035172202357545893
44.1843867286242259482249496
43.7067094692723907832470631
43.2483823295746817183835923
42.8082179991251014376272128
42.3851229306109855428448935
41.9780886717323242097738904
41.5861840640970748396082993
41.2085482253706243318340596
40.8443842361865407000415047
40.4929534595091267400103638
40.1535704265014413852327423
39.8255982292878627276546642
39.5084443669381095708492073
39.2015569966309919295750265
38.9044215471051308277018409
50.0070778857570422206054682
49.2714891066147988139893713
48.5729297203733265528078106
49.8487468509707107949903600
58.7258176754427970978724738
46.6707934606426021048081064
46.0945306969047769654374509
45.5438833823924120379439387
45.0171604597607573543255313
44.5128101425729966551791379
44.0294072412652163588895877
43.5656415607273723584324465
43.1203073381202825416132961
42.6922936646116306442862162
42.2805758219872398699650254
41.8842074599658692664483225
41.5023135397945646203934461
41.1340839721985565978394991
40.7787678819909692406972264
40.4356684365601686863626395
40.1041381808394426658023718
39.7835748265520302426040940
39.4734174486591847512181769
39.1731430467100529541854662
38.8822634331038454831553121
49.6433707606713549085354950
48.9360208234023906842103537
48.5494193780757060167399421
54.6962067165713218447556126
47.0113342849503942686423962
46.4281894879508826419124386
45.8710104374788180586725441
45.3380877995891027825013299
44.8278512880556048310284696
44.3388574464347002131979088
43.8697783448065268738912626
43.4193912061705803480406728
42.9865689390895555533661900
42.5702715308973217254690407
42.1695382440618809841050695
41.7834805531969667191607463
41.4112757593633056394861539
41.0521612200296325222208386
40.7054291362935844040719120
40.3704218429790631912538146
40.0465275515730372461724787
39.7331765004405535461228493
39.4298374709138670600307664
39.1360146320679359488259494
50.0010772909835676761530320
49.2856610643706531435298178
48.6134410506023741463801802
51.1756248964940817439538860
59.5532189814381842035783010
46.7490652736722331503673097
46.1855408774572500593913789
45.6465861888757083188047161
45.1306155532948084045045960
44.6361697705674266074246270
44.1619052214905290676056199
43.7065837828831181093874071
43.2690635484158643584979266
42.8482903385157356347358526
42.4432899627579583233620913
42.0531611872790134141273965
41.6770693546761132329547571
41.3142406026099184509285834
40.9639566283506630804767130
40.6255499489674363587319070
40.2983996100432883884846474
39.9819272993992889014804402
39.6755938259701099733862471
39.3788959275509130145224213
39.0913633746354761857681363
49.6222889700958706867992681
48.9343366833407328962193679
49.1049973245638907173528634
55.8988024548548016117958777
47.0580525866541304547587079
46.4883827115332161290602362
45.9435743568788089107054712
45.4220301062195948815182672
44.9222779213436053662033733
44.4429608492011516737104281
43.9828273411546269412718504
43.5407222510950219499149490
43.1155785312296229774038742
42.7064096146324935128705382
42.3123024555808188718131091
41.9324111887256295286801123
41.5659513630904253943365224
41.2121947053439442597239838
40.8704643672754706370232019
40.5401306141696122068853208
40.2206069133067702094775155
39.9113463847705369907652723
39.6118385797058722345679427
39.3216065542405750613781689
49.9465311193005697658791859
49.2515650377735546390776321
48.6603501747307529059889494
52.4162547525323340345074310
47.3558893261191843332389874
46.7802900113200084346658830
46.2298195187929382640397375
45.7028728019365571558018620
45.1979683118720391116176261
44.7137384582277961007842388
44.2489204652864905960420998
43.8023477496688502988596761
43.3729418814277216205016444
42.9597051487296570266147343
42.5617137198932127613731475
42.1781113803358991832192888
41.8081038126168778346086640
41.4509533829231588115822236
41.1059743954906485894664466
40.7725287764935548823572563
40.4500221502321182828347902
40.1379002723394605496422204
39.8356457871207235055073905
39.5427752786334545071702431
50.2588660937879222978346709
49.5573324427036620998888363
48.8898791035747917267374063
49.8756727712765564013724972
56.7070436783166870696822788
47.0618861961195478691601712
46.5059605285235416188667173
45.9737951893141778981611469
45.4639029107137983123395706
44.9749085363731764638758025
44.5055405663967694720840782
44.0546230316370980796859364
43.6210678108090066469980114
43.2038674481357378192643081
42.8020884926963926408081083
42.4148653570920794632051404
42.0413946784441736820159627
41.6809301559709050521581122
41.3327778347446373477793794
40.9962918031886899140721249
40.6708702715663999305539302
40.3559519995388532963653354
40.0510130423473674680297514
39.7555637870482452311720276
39.4691462522813350941090361
49.8520108624112283135256661
49.1776560933059777538310542
48.8177061846717846490153415
53.4291545609162771271327148
47.3336826634994711904630561
46.7725264300693831960549799
46.2353409679626581106408028
45.7206375928240973597038758
45.2270370649282933184813748
44.7532619966160342099663010
44.2981293566462996419086528
43.8605432466811859183850677
43.4394880524901459086545870
43.0340220238163769428146119
42.6432713046965629176617674
42.2664244150353594812536762
41.9027271709107654401815638
41.5514780230757249466813549
41.2120237885170434792353582
40.8837557478560207245882713
40.5661060807589850349538860
40.2585446120188053443665546
39.9605758420333686471998954
39.6717362368657159707331736
50.1358856360312075378292467
49.4559884575900426985420774
48.8201400926997535106075037
50.7094554705530666898019010
47.5960937958575384333796550
47.0299514257043301398274053
46.4879609015739455521244488
45.9686369852915546825608703
45.4706002869275998176616036
44.9925707321968757836949683
44.5333608485566635491732207
44.0918691184370519507687147
43.6670735553750712443324892
43.2580255960831944948939582
42.8638443589298799533113670
42.4837112909128635864395092
42.1168652064895995972193302
41.7625977094735855762769772
41.4202489818030733466048697
41.0892039185734213992751016
40.7688885865479375461694045
40.4587669825884501893975265
40.1583380685948593290325258
39.8671330603338341169058684
50.4091440064846859275767533
49.7241920122538466993037784
49.0705809641884300515963576
49.1415727488615357051734807
54.1654405176907941202872023
47.2785870273641061197704129
46.7320249450426650360884944
46.2082865564637832550180859
45.7059967476021281165536616
45.2238763569502027375976071
44.7607364153454507368383854
44.3154722087951659631856311
43.8870573829457608134139604
43.4745382282806414495305699
43.0770282305531173752113256
42.6937029337353334548839894
42.3237951376510605439086514
41.9665904355997751209407682
41.6214230863300049696450402
41.2876722077754551432584566
40.9647582757861746322382904
40.6521399089206377135884223
40.3493109193291311213580495
40.0557976097874516354800767
39.7711562974128611905354768
49.9824149154022650348214862
49.3241522356127121036924781
48.7709861587634646365499282
51.4663613050250703947366165
47.5187119743156567680715559
46.9678321618133402131232387
46.4399025184173402150912299
45.9335571705587183503610146
45.4475219031820694471685072
44.9806095477421953140639875
44.5317149046337844465116242
44.0998094925828298297911102
43.6839363181805908419831955
43.2832047900435508655691637
42.8967858546111463183564673
42.5239073978470136065903804
42.1638499348560847798445910
41.8159425942396609368666840
41.4795593941528051543133463
41.1541158004558824843398664
40.8390655535137236919115032
40.5338977478896356037845187
40.2381341481779598063275332
39.9513267239696513259509549
50.2307300705216682692995801
49.5683892744486319299035794
48.9370300965025535583598573
49.5849621594940953650087037
54.6324725540894053211565738
47.1956188745395419033763446
46.6637399808840372917682933
46.1535526029696968135106392
45.6637919787037543305543563
45.1932764205905820113110448
44.7409032667544861297038883
44.3056444063716148681290124
43.8865416360049932690694912
43.4827020180910888045546128
43.0932933533116631442908068
42.7175398371139019465222156
42.3547179418820837248559588
42.0041525463496190621914900
41.6652133203389863049013661
41.3373113637780272302368215
41.0198960930010365808365212
40.7124523635859827538139301
40.4144978167873941238008537
40.1255804354971102655063397
39.8452762952845186374166900
49.8032717392859032225660131
49.1665653408506893603541972
48.8029937195241340239306223
52.0664114562750962056814177
47.4155653929117815288220948
46.8799996967391973207937062
46.3662011661947438672149235
45.8729195126708588012531752
45.3989826260813097009483526
44.9432937442871700810313057
44.5048279016999251065237444
44.0826279872722879045659924
43.6758006375071852250370856
43.2835121167156513752855905
42.9049842850281759834222873
42.5394907184421322734589235
42.1863530196910743478060137
41.8449373410924736365121144
41.5146511282973424880126449
41.1949400855540427424418622
40.8852853576497113628236676
40.5852009200463069038845608
40.2942311666969145985576474
40.0119486837447225613670249
50.0287909152103695830175003
49.3889148167183416079434887
48.7917958506763176124375126
50.0534666182180685749978595
47.6278015879973162541416675
47.0888336653343150049966170
46.5716736752008707113085702
46.0750913808729452643075781
45.5979287967614946055179893
45.1390987889235604834347340
44.6975826115415131082062114
44.2724267949491625979808670
43.8627396739232330433234087
43.4676877553615845228635034
43.0864920609745287945261584
42.7184245356541879746278029
42.3628045803274167211930731
42.0189957456088022901303661
41.6864026067917713438968682
41.3644678297172002596766145
41.0526694294639807379674535
40.7505182187739575065546456
40.4575554396985545080338706
40.1733505699397412015651802
50.2448814572162592663460590
49.6024001051810412208213810
48.9872494047869513797940394
48.9352556667565592723404657
52.4824156495163684340640943
47.2903498041025805074381431
46.7700983348630950770897486
46.2704531162555792360255639
45.7902753219241795226027237
45.3284915705079886720697868
44.8840927338770352738032771
44.4561317984080501068496873
44.0437211407968830040965793
43.6460294717042487980760997
43.2622786233711145221003177
42.8917403023700992714175488
42.5337328894057980704870475
42.1876183400444724965509154
41.8527992203383755007467446
41.5287158972129529161671166
41.2148438935170688846790318
40.9106914107810006327728397
40.6157970179904389631869837
40.3297275015469255774575301
40.0520758695747687593535032
49.8069499094641310421085460
49.1893251200198554541561915
48.6668340851388281281871395
50.4666936752973323140243862
47.4846158560318447390320364
46.9615646788252151923006520
46.4591128685295732604400055
45.9761463194969227521429656
45.5116099543868540068153495
45.0645080090455982992141538
44.6339030263501170907045926
44.2189140043464505149001467
43.8187140141669157218574213
43.4325275104959936281744056
43.0596274908615648770364234
42.6993326121505544414712578
42.3510043385661382268336736
42.0140441703698098390938128
41.6878909852316032506518754
41.3720185112352288058872058
41.0659329417356689062515740
40.7691706958673514629911141
40.4812963242429400832193948
40.2019005563581049487690948
50.0024506411591039964919405
49.3830777172404358560207810
48.7912819804675914474193518
49.1329575881199191670814416
47.6716626677891243876361295
47.1461268839785684141425001
46.6411447443880011328730755
46.1556329934591948131039547
45.6885598691880771144528690
45.2389470923322655222137566
44.8058701697527687618992509
44.3884575532217493137095242
43.9858890405767917643280995
43.5973936953020726461458526
43.2222474810385255945845182
42.8597707498960841055611347
42.5093256818886215379901433
42.1703137426731550528272188
41.8421732049814032091132489
41.5243767634119963547569148
41.2164292608793470292189247
40.9178655369823734974040494
40.6282484027355384369484565
40.3471667421355264800267278
50.1887445533060256067987944
49.5682395497176176708505940
48.9726055226600520728219894
48.5944223556323572169207724
50.7784556360360446927956528
47.3238065683003634269058287
46.8165916346658248386293458
46.3287964818848091698225307
45.8594181689259945232468078
45.4075004246464549718746829
44.9721354565974262315225976
44.5524642736521270233771597
44.1476759907746260524319001
43.7570064530249754413955485
43.3797364211112308554861633
43.0151894921520116628486221
42.6627298794151139734097048
42.3217601384910078768954167
41.9917189008882802139509498
41.6720786567289933611556204
41.3623436142962546096404287
41.0620476538783157863539526
40.7707523861537120617557712
40.4880453200359157522349946
40.2135381412071192710392914
49.7446631524316007982447690
49.1480641343781887576494910
48.5903053012829854664846858
49.3412396020670302715645424
47.4945951601316430427744523
46.9854676152474431452559917
46.4956702812742607699881002
46.0242350740659158114035289
45.5702326848722073832227290
45.1327761111374578823552366
44.7110223119836377233052242
44.3041725494557289210605450
43.9114718219340332310414072
43.5322076842184309574197081
43.1657086674976871133976889
42.8113424530422299369705269
42.4685139101524861725238418
42.1366630770936767138628012
41.8152631404225161085142378
41.5038184510986524659093112
41.2018626031808486539394466
40.9089565918309311943189737
40.6246870607098848456363461
40.3486646439964800020570174
49.9121642204380627848802289
49.3152282269868268364911165
48.7415038028907780685477762
48.5799340121279362072227875
50.9719997074778992247516622
47.1477599930413769247592570
46.6562623174218652787992391
46.1830362608896561850828475
45.7271848924823494788271627
45.2878464654036527093416837
44.8641975915853331457859962
44.4554547655777634934947655
44.0608747228338648826054147
43.6797539860788204809504909
43.3114278577440405904974031
42.9552690464913317187060738
42.6106860644478293015227871
42.2771214940028615081584565
41.9540501951977551971271946
41.6409775041042201453293048
41.3374374575200460543581611
41.0429910680616400281685582
40.7572246655633653319693653
40.4797483146408678797144946
40.2101943139176701918363376
49.4739162751191339016133682
48.8997093573357132229854203
48.4044511290173473227444560
49.5143526944601882221308903
47.3034310563386772024388774
46.8105567210917790658032373
46.3358246564860081310527462
45.8783762168770303782726233
45.4373797788243720155001318
45.0120356393372744505948930
44.6015788829086946079790805
44.2052807913790884955448431
43.8224492171362869957009731
43.4524282283362454036703839
43.0945972526611603916352280
42.7483698858303024594483900
42.4131924864121759171665328
42.0885426455522538027221992
41.7739275957223005307789252
41.4688826044705438710956379
41.1729693856382667767370834
40.8857745505400479175175387
40.6069081141838004145348282
40.3360020661569006213864705
49.6239268728113573162903686
49.0501135651988701067806755
48.5000582143041248271998588
48.6017692770492836852519030
47.4524195791573887221035441
46.9585153570964592165147548
46.4825819871295232483342070
46.0238055405088832161135327
45.5813898122775123471987500
45.1545631674331440328587561
44.7425829269576471815835241
44.3447379679035035688540797
43.9603500334822914693735352
43.5887741188207254868935912
43.2293982023653947597564638
42.8816425223989168472960566
42.5449585458373401797760325
42.2188277377145562451005546
41.9027602108902320448838842
41.5962933139652220045412052
41.2989901993421749495184272
41.0104384013339759020987649
40.7302484452947974512587984
40.4580525020790611600015846
49.7650284752520543634519434
49.1922703414551844122984378
48.6400535209519729711786000
48.2503433836297384929466794
49.6249740595161765438529570
47.1000791478578962209124215
46.6232701201901376957940242
46.1634528151522527715238251
45.7198721953178566518175328
45.2917894487124126049259532
44.8784880859506703173048074
44.4792778820298164237535573
44.0934972433708317388504072
43.7205144298544183142292348
43.3597279506257426531542206
43.0105663704387902627099695
42.6724877024829963380495394
42.3449785183368736802749475
42.0275528718936660174710633
41.7197511087584279118220831
41.4211386136224638783825908
41.1313045339400859699367194
40.8498605074347174200046455
40.5764394129982726267847818
40.3106941585123999997407342
49.3259677313464862347614687
48.7747924312802859836838290
48.2566374555786807844270070
48.6292029645700910842601925
47.2351692264134666143316274
46.7578322336263055603333831
46.2972802446328523960588505
45.8528056192698320830047128
45.4237075176024618554274615
45.0092999175288962733823936
44.6089170632786772108502108
44.2219170201822625388925207
43.8476838372055714768920200
43.4856286906204712061454321
43.1351902873940035419949708
42.7958347364373939925997924
42.4670550432425848803485314
42.1483703441266716870583800
41.8393249667121171339162929
41.5394873810284251645769406
41.2484490889054958434401566
40.9658234866110495529049178
40.6912447261680533400294484
40.4243665935599387330190049
49.4509687946302818435625826
48.9015100927928510444017584
48.3711266063796125042324743
48.1292601296149390982453708
47.3636879491647434790073633
46.8861938423404714288013095
46.4252333224362513154821723
45.9801528839317206186145795
45.5502952239405547148325499
45.1350094078885211170725351
44.7336580039945199174315044
44.3456219678249644152449625
43.9703038584720679400434583
43.6071298207134622162554654
43.2555506583700534295100464
42.9150422429447980801751108
42.5851054408703896572504903
42.2652656971725479706085410
41.9550723791032299682526044
41.6540979573590914408656159
41.3619370830101960908934004
41.0782056033695629191165896
40.8025395488107828341460143
40.5345941139675845508619840
49.5670118399777903601856425
49.0199682544882107635839117
48.4909156511615649065690251
48.0231987043277714926432892
48.6362843844019626720063172
47.0082637067138859347685790
46.5472417487267902413501748
46.1018618217053488059232387
45.6715161628675562212831929
45.2555939061597140855964348
44.8534900970151189430921303
44.4646120605917198827238044
44.0883837941877139978970377
43.7242488859948480267263449
43.3716723373857424281826801
43.0301415727438520761032420
42.6991668511581295498513270
42.3782812417937412179092369
42.0670402853169664578136376
41.7650214337459447568781520
41.4718233384570149576332855
41.1870650388379442848579537
40.9103850908386560299606508
40.6414406648008368230003608
40.3799066341472117890106878
49.1299293555943529297706578
48.6031918624368401534666170
48.0960595414263757389644283
48.0290338155182103909530411
47.1239346457549314793201200
46.6632202481448422385592298
46.2178661198169582021885469
45.7873205008872932311459977
45.3710179535797337957634634
44.9683904671821618707568244
44.5788754762841652872264708
44.2019215618520171801271735
43.8369924125806251893688242
43.4835694813648196533585935
43.1411536652455111526433396
42.8092662574770849404771486
42.4874493602340795548347511
42.1752659011951333906218950
41.8722993627500995333044827
41.5781533064860751055288961
41.2924507556312072246673080
41.0148334828938179954158641
40.7449612395010135945354864
40.4825109522570218198515588
49.2311348785841530922276507
48.7073980760050880667087184
48.1999569663476977868493103
47.8083964474738653476848208
48.6066010126858466223178245
46.7730693073354215553520765
46.3280860587286244808702734
45.8976457155250002638399353
45.4812340243788082407896099
45.0783247132466852975999818
44.6883893387775888335012948
44.3109044387548302253977352
43.9453566502774724288072984
43.5912462922698750336386667
43.2480897897775438220797924
42.9154212266454283924067993
42.5927932447060271565383272
42.2797774557248331430303957
41.9759644930429745319833170
41.6809637998270424145092929
41.3944032279488591890058554
41.1159285039024657223824457
40.8452026047782365023732017
40.5819050768658399448589552
40.3257313214907355260419688
48.8032983424853924546241805
48.2986804756458855466923610
47.8204697010815310664735162
47.9328810007322583091266182
46.8766758491940567714316335
46.4324291828195971105365285
46.0024172639838277635112058
45.5861831932581458359916321
45.1832475745395417412303775
44.7931203840147911064069862
44.4153097272767596931095870
44.0493282370756122185512492
43.6946976805998766083285857
43.3509522078757884843077942
43.0176405698353243015508890
42.6943275567207184762189571
42.3805948486256609448427828
42.0760414250691303169280764
41.7802836463242813337065358
41.4929550929868572331311848
41.2137062301909415845962642
40.9422039473492793350814976
40.6781310124009328646229030
40.4211854702753033031104306
48.8906405032256956994055279
48.3895480044461122488632533
47.9034668885854194880138186
47.6126458696569885326086526
46.9739138592825583882585150
46.5307909178273834331375632
46.1015491945071634229152694
45.6857957425087167354817854
45.2831035350221097576066372
44.8930255616937959044351558
44.5151053546040983669847516
44.1488847971009413362701697
43.7939098616583101758186574
43.4497347679073684359629578
43.1159249354793125806625462
42.7920590182217901597459577
42.4777302396259305954748526
42.1725471983961313117084552
41.8761342742469310727280660
41.5881317341762733296326946
41.3081956165742992378279973
41.0359974527850046743977216
40.7712238720938028629537917
40.5135761255034014717442594
48.9691554572935714757719568
48.4722963435378494992515895
47.9891807613193972100535975
47.5512927897147160766157124
47.8261514303467219092968456
46.6230551483288489672339131
46.1949447128483249755263089
45.7799917205452758221860619
45.3778273759500856230578574
44.9880525834389355858430625
44.6102504173252995962602665
44.2439954822252759252146048
43.8888608945837540028484738
43.5444234417308675665403266
43.2102673437352750406416840
42.8859869439261050430720233
42.5711885787223294523533818
42.2654918199012996668675899
41.9685302384179451058304086
41.6799518052012525156478970
41.3994190182499556665022601
41.1266088252814563811709855
40.8612123955955908745050783
40.6029347827065809811038078
40.3514945098967214547668858
48.5466820212310005190564383
48.0675563478984149463282706
47.6037690757499603508194985
47.4295512766114539189668155
46.7090947675369933009000755
46.2824967152275036276220103
45.8686814625130318029717051
45.4673446872242257580199320
45.0781404270750448481288835
44.7006956801516615229273866
44.3346214663148925102753261
43.9795211728420181084903048
43.6349968119754204188984711
43.3006536709000487731173888
42.9761037231214703589813155
42.6609680855368236837835123
42.3548787407962455819651181
42.0574796949897662997226388
41.7684277026059517827401322
41.4873926612605470986825994
41.2140577559929879486141588
40.9481194151991979250776594
40.6892871265640466499532248
40.4372831506094672206614699
48.6124475787139919928545332
48.1380002462556301201227782
47.6757922737774964095967558
47.2932256990770395865068575
46.7887722111056501339978822
46.3640882983606339286842992
45.9517660826936101099897925
45.5515723465673434994183742
45.1632198056822081151574645
44.7863840370630333475488772
44.4207164000531971667578651
44.0658538739107692566461811
43.7214265174053203309770016
43.3870630910664315346660507
43.0623952580741147518832377
42.7470606847891458757565553
42.4407052894275992715147586
42.1429848317454688182664549
41.8535659937150131065446656
41.5721270681500983208266883
41.2983583465054479536354035
41.0319622771907335312062173
40.7726534501716175004018273
40.5201584514533227903939579
48.6693223218210361203500438
48.2002768772406804133919828
47.7424303343740488904343178
47.3044841458036862566175412
47.2501500242750246983936714
46.4395932566063147501023571
46.0291379479192766361565988
45.6304189750153290200260988
45.2432136093412697844676437
44.8672509423747813815395665
44.5022268335388554580317492
44.1478153750272013272139176
43.8036776630380875364541038
43.4694684815164518005165434
43.1448413653639736091235112
42.8294524040974126854937912
42.5229630659168680683204986
42.2250422598664898996505202
41.9353678057828866018227002
41.6536274446577375767607960
41.3795194932109635625385928
41.1127532240170377963009029
40.8530490350911513820453759
40.6001384590766730946151157
40.3537640514434034385031964
48.2541418862860846706862236
47.8013626858792481740465499
47.3597011134520528252936651
47.0466538750530020352159552
46.5088765758660491377721551
46.1006811406005160342595168
45.7037853765634122624420226
45.3180373268721980866510795
44.9432248185212749959199664
44.5790926130932563361581713
44.2253556411908399586164478
43.8817092009792052504593680
43.5478367976113025375311606
43.2234161457610528979997521
42.9081237395566115268906240
42.6016383039941333405823378
42.3036433724636459917374863
42.0138291815191371238759971
41.7318940325232590749536468
41.4575452376042478920744750
41.1904997422362771574384275
40.9304844971060230564590444
40.6772366365580870146416384
40.4305035088029198029344499
48.2993402575693876694765823
47.8523245359160073626076538
47.4150667477108443264046812
47.0096419890971865811233162
47.0662506444125281114388327
46.1662719197282844203832341
45.7715649695131170958772926
45.3875994544090541120004693
45.0142274469674835076335243
44.6512472582363526227188833
44.2984185910496042395485982
43.9554742873276892980432476
43.6221294223310845530794917
43.2980883276382859199901923
42.9830499939637438808976424
42.6767122047640403203867269
42.3787746744557718505488498
42.0889414055659009825933164
41.8069224328889880922060736
41.5324350869053217817391882
41.2652048805989721852733047
41.0049661019213883133745470
40.7514621769169655468633220
40.5044458549555401452756017
40.2636792568068161460850198
47.8950854890367035119953432
47.4632280673490487676756219
47.0425685131974895821990196
46.8084337347730583595738264
46.2257791879505625073401200
45.8336442166724156232822943
45.4518018972993438504827502
45.0801743481222226738969674
44.7186183243532142947886961
44.3669424458287026600949042
44.0249206200586876449140961
43.6923024951517712235861545
43.3688215884050912822269853
43.0542015920239927506430075
42.7481612466370221301670014
42.4504180879637333297324044
42.1606913059199446798555338
41.8787039042541305425027496
41.6041843089057805436942623
41.3368675420831190519337011
41.0764960546621035873104386
40.8228202902595394358380045
40.5755990392329353416437420
40.3345996288934297993110945
47.9294069458360439003179995
47.5036213105423170365122292
47.0862959007166752985164462
46.7219373067833558446729678
46.2790649728164511813718153
45.8899030614717814616529145
45.5105403715707715511299801
45.1409751559241676382235779
44.7811277561785792774512548
44.4308600661012212910453712
44.0899907623752027451120557
43.7583072245096598786981439
43.4355748580371251894650605
43.1215443764529230994778972
42.8159574751952601325442942
42.5185512368658067892860172
42.2290615339342263597861488
41.9472256384835500266178842
41.6727842044667754834598159
41.4054827532838450449506848
41.1450727664517002326307708
40.8913124677976734183309809
40.6439673607200496886001421
40.4028105728005985788263889
47.9550429035414430653290714
47.5360269898276003488840100
47.1243461533309760681571969
46.7266875021583560590635996
46.5739031735635444550178146
45.9402153769341646127471518
45.5637048110596265188066068
45.1965339925107650771658428
44.8386922370522019634976694
44.4900992809085692821249948
44.1506224557368211647803889
43.8200901878090678407110754
43.4983026084442149747811902
43.1850398885688078785286132
42.8800687764377131494042631
42.5831477138588296720575738
42.2940308260819779991521099
42.0124710180245863211601383
41.7382223607818499298457663
41.4710419141639963337382257
41.2106911010505572917460570
40.9569367257129506906487792
40.7095517095885775477684705
40.4683156031972267222036808
40.2330149211566974499576660
47.5602233261929166497842136
47.1548727887106952744479820
46.7570118462365980226831606
46.4418248708013767643802582
45.9844494344708518348066311
45.6111797861927456281552925
45.2467498482696733267924446
44.8912235386351788588584943
44.5445832135101185273336654
44.2067489264594719831689730
43.8775936226177772989222892
43.5569551321078987452602484
43.2446456365975733261220857
42.9404591365227393413252210
42.6441773329962938913815398
42.3555742504117188128505346
42.0744198571395403090685313
41.8004828880859229407040391
41.5335330308504750703708056
41.2733426041955781444059644
41.0196878314147098376420196
40.7723497905938003746098174
40.5311151074124758239234869
40.2957764430498216043136547
47.5759832009316893717849509
47.1776281269799342106799605
46.7853869513138641214809358
46.4144395000781645867362045
46.0224683995272484030180599
45.6528449404602933623924691
45.2915169724500892310096016
44.9386288756858298707450438
44.5942306078772359015919594
44.2582991896885046842178385
43.9307557124888559224475048
43.6114788132004470017116497
43.3003153547398917968387558
42.9970888908577282846419133
42.7016063704616537848353910
42.4136634403033084525341048
42.1330486297065969493858775
41.8595466423461904222548878
41.5929409338878205021911363
41.3330157179865183659116567
41.0795575145183402950468484
40.8323563310452407439408542
40.5912065506931418530606884
40.3559075850479702696714408
47.5830752594438341420733515
47.1924070770419759823734166
46.8067043616245021165401687
46.4283718440708427984684933
46.1678896496484422343412905
45.6885754505972554426213459
45.3307252795534906085410574
44.9808112704298949385795258
44.6389561599219364415021532
44.3051983542855780729233739
43.9795108707169051097980566
43.6618163942123536489340983
43.3519992558122815432297442
43.0499149652053007519344613
