19.0000000000000096156960159
19.0233570151867081357552202
77.5046222467087176002206756
118.1874704075114752978263569
125.0996536057417450396071532
122.7123563478070590525512665
117.6593999310666825693230665
112.0666495737836640806093440
106.6386775350562740067328879
101.5873187767025514766084495
96.9501301198315858441554001
92.7061295941478753294410364
88.8182289331217209916659360
85.2481581059287809997286822
81.9611100828439729557952264
78.9266853503563105869116504
76.1186203681717764057575412
73.5142068936150729391878761
71.0937096220864089922996759
68.8398684229867395861865983
66.7374948555824152069542334
64.7731498763509494533682594
62.9348858318053408365019760
61.2120378795051595548552673
59.5950532186506132180722991
58.0753520576964461714943095
80.8006551550834129187836343
145.4065649863768614474718752
159.0134221573235293350306796
157.7393992234396427529363839
152.1782326005503174054349908
145.5774158765609781273788181
139.0175990403465828850467895
132.8413761436954388819757535
127.1292762314220107575304787
121.8711073873388808575656968
117.0291729711458185160672218
112.5610303816400099514328278
108.4269981144421691629035098
104.5920621971270220914019718
101.0258604467823356758660299
97.7021114262085695342412792
94.5979684651972198522616928
91.6934467865651972866291361
88.9709529827379798917229490
86.4149079596402756315132971
84.0114455727810959906150193
81.7481699555167620396878563
79.6139578013792824161599812
77.5987951799023187373410341
77.0782117315072672335659598
147.4392542551490956868614929
173.8324110229567568821532899
175.9015447489261593434974627
171.0612194396954701088224032
164.3227525255041450517325048
157.3439721073884738607716076
150.6726802056559108658400757
144.4626981626813436711600239
138.7280448984310980656419967
133.4370239981917664556494260
128.5468008032332412920500371
124.0153803720509665243551576
119.8051306325034019463627446
115.8832916205532541233699970
112.2215270112105686064407204
108.7952640602569245388455561
105.5830694051556756807757872
102.5661248055581266104476093
99.7278043142233089689323943
97.0533366933332802213988440
94.5295348888533802327949910
92.1445770607686065132601324
89.8878271354443487555206737
87.7509396907546963900320431
131.4079928230038656411145190
178.6060084860946109481855495
186.5299744389733013940879149
183.3670405137883940160688649
176.9647578474772913352167319
169.8597147491967784073410760
162.9110687151913528120474855
156.3869135957082085654907405
150.3420501874133744504324197
144.7576468217713242858716520
139.5934003462269930290493175
134.8063190351606740474145582
130.3568139163523781948706754
126.2101209174341755345186954
122.3361325765187281144178723
118.7087872643954628035384951
115.3054185371787878076844556
112.1061864620041518768000342
109.0936122091837370139429064
106.2522051647828147498994913
103.5681647253294366895971841
101.0291400917906283986407327
98.6240346131149809767353336
96.3428445155551142090937449
105.8674209674444028111637569
174.5145347140275819065110214
192.1053028482440013195939334
191.8443450593070206685987641
186.2764622877256231251923803
179.2844435642748872338988134
172.1956306117356742947336251
165.4519626237790747130260449
159.1729884521394644174871628
153.3626053672034652528686902
147.9871352575589315095877877
143.0043011114374651525740603
138.3732837635260111175585347
134.0576354325124355890745586
130.0256316285326361252403909
126.2498091318756547180573025
122.7063297647041983133792181
119.3743836979074343862893308
116.2356877048092813156478753
113.2740790778578811947095557
110.4751902454018258078516909
107.8261872683162525601787382
105.3155577665289216075196275
102.9329369541843539376445295
100.8435558996509132503239550
159.8228965278158883191401994
192.9886739970365985671497882
197.4212104062984971130779508
193.3521448639900188012032413
186.7568661027140442968123821
179.6642669927665457179981345
172.7769227061924218334908153
166.3139599348206056879057855
160.3164647624946099278667889
154.7634631737305617970006142
149.6159668943185870847221057
144.8330248866042015801700154
140.3769794358698367042707279
136.2146975580330235134100899
132.3174104226955197298846691
128.6601567281164959404823665
125.2211857997790419453237242
121.9814312548300491662759149
118.9240765625694152519440107
116.0342043726966848043782886
113.2985143713893637884935518
110.7050949563472560894058592
108.2432366402143826033733243
105.9033238302905100950114478
133.5597044019804496263569273
188.3687169032214064413110375
200.2336121580795758174313365
198.6127335440524291762220684
192.7990696847337464645300025
185.8738210158208876446510572
178.9264618627707483605984143
172.3259612205532521813557493
166.1715870251635184465302937
160.4640160535162901779312958
155.1714072247198712325942630
150.2543629235832302151594783
145.6747632601157502121607758
141.3984053589221402967567916
137.3953726749830734169669634
133.6396579603304231629615874
130.1086104315257430014855535
126.7824046423859718487317813
123.6435866002269860346365913
120.6767018316099014577293822
117.8679944178854115432157494
115.2051632414623096855820492
112.6771631311017215450955259
110.2740410185908240578548356
111.5632387443574707892110420
176.4139857558726129440783024
199.9023478690085208974559172
202.1181286552597915727233184
197.6295552978030607566130680
191.1055670157320936080091021
184.2062943028872648684173839
177.5226203272665286569631016
171.2421261142311434506814386
165.4001114259878969033108822
159.9775593013742202183902117
154.9391520784613207094708448
150.2474561877418324921781507
145.8677349294647873447468516
141.7691827327038953324303779
137.9248767578193768038954120
134.3113356554469241045271360
130.9080148294647671546132344
127.6968477986868253391965868
124.6618600696316890955815896
121.7888528379380205503885752
119.0651455772220994724684966
116.4793658613291719092002604
114.0212764032791339972616661
111.6934408882765767803697724
154.9503390304868082199062248
195.5623123202767773016902896
203.6676083376362365529414496
201.2797894327332973691676116
195.4848276804013575577490778
188.7817128486819665697602824
182.0861065089675598415163331
175.7167176837315172083085283
169.7620208703421804740074005
164.2240312479128824438603546
159.0752134049243938960382788
154.2805310273457042637547112
149.8055285682326160954378373
145.6189141450228015964825696
141.6930572801884868572422172
138.0037592035426082243013548
134.5298215584556516891915476
131.2526057452828343389943289
128.1556439048276643687750030
125.2243130865325369672127837
122.4455672661792538412193618
119.8077175561166987392584144
117.3002511219275895849569176
114.9136821464705659961396009
127.6729075729264405614430375
185.7992416837054265285514674
202.8134029718324057372035296
203.6358627242405016201713897
199.0310790107702196664669147
192.7301908137430563981770663
186.1200017293181152849127328
179.7106816793614070743793198
173.6700917157350569748523388
168.0329711840613713790654967
162.7848918852876429830394758
157.8957023802130273760096696
153.3324281632946388239016545
149.0638924009256223751000038
145.0620720402795865847311082
141.3022244349187498844513240
137.7625984420642061178243084
134.4240455566473264192204919
131.2696451175725396110636519
128.2843779068811436509369248
125.4548524715761307178035905
122.7690784830324133600445183
120.2162791641002377762415477
117.7867352751536277284458984
116.0793118567537369133376965
168.8049794547872552254874265
198.8274107103802766062213943
204.4446605359470927500320712
201.6770943665454704776423833
196.0652923506564917435265517
189.6749540212086068049722677
183.2921488369374358164194127
177.2007647067582114983798914
171.4847054949760833632889368
166.1501926942725686492374353
161.1755089086894353333390239
156.5308853989582620934860117
152.1861315352157108917013193
148.1132915458037455477632721
144.2873337198846861783688878
140.6861027908591102152691769
137.2900317622871336237121772
134.0818063337777648801356292
131.0460511695609725666242813
128.1690578037327480301798867
125.4385553124079894946196429
122.8435187314275957890264268
120.3740089315284178591866258
118.0215423402072369922701149
144.4594643304302582789483993
190.6520239669175721588822342
203.2990888955510192263977351
203.2716926856514457118533676
198.7462287522210054437441149
192.7610603326557678795212340
186.4956172032646228852931145
180.4005431099318459411146021
174.6317548964590439897563092
169.2266685096083141706050781
164.1769881808358460263799255
159.4585851009820095826321329
155.0434889427806850154540976
150.9044646335283940230505028
147.0165540685115668051267508
143.3574093303750175654229439
139.9071745166300026714747013
136.6482249941741609280032240
133.5648852977729438099805041
130.6431690977700116808229441
127.8705532027495536788432029
125.2357855602609211930498018
122.7287232495779621671791405
120.3401957097838052332684124
123.2687734772148080349774862
176.9588430317707993353301225
199.6102712001594417339574335
203.5721711752307036854254824
200.6791266629899384240560467
195.3529815329480569600922083
189.3288120628337036548073145
183.2936340559426686555954768
177.5067867772238204500013399
172.0514509343614484813103507
166.9396728150848881063517638
162.1563494671377265078902551
157.6774496177628084391843934
153.4773690640443924756091272
149.5317279169155206680634212
145.8182790192836320042711896
142.3170564893186437002781187
139.0102395917977947949897700
135.8819288293756800637432327
132.9179126763980909547065778
130.1054533616675339574397554
127.4330994928888979190765895
124.8905252862520989536518722
122.4683934398895325931859981
120.2141900723360538183124641
156.9444275716892589722673551
192.5826046952571878163947900
202.2296808096083564729129571
201.7127792288932444101593006
197.3905636609146406009917652
191.7756027216413225755361024
185.8859717386949881588977905
180.1271570741243727800292691
174.6480153566893832953415396
169.4904298274977350509418346
164.6529768501601204254376924
160.1179258997742643945921142
155.8625522433260727025062706
151.8637444177878424002506948
148.0997556217428138614796961
144.5507522540814781521192308
141.1988710133219591279208250
138.0280897779968291366349558
135.0240413506787826418795755
132.1738226378584126087762040
129.4658188114817150367648594
126.8895480380318782081644494
124.4355267485568008861081906
122.0951694376841159801594658
134.2586070204337511939403327
181.2559420072944803139329824
198.7716634640554047910104426
201.6304100850253956069257838
198.7763298374550398666225982
193.7963403065080844641808769
188.1669816366010095037823653
182.4973871638084756067178955
177.0290029926476939683647001
171.8464398882733803557858364
166.9682821124436108088580636
162.3863090920748777709369956
158.0823677211245597873133274
154.0355465638166169224211030
150.2251356545557589445514869
146.6317568022062712186973819
143.2377073692448290701631292
140.0269757017404157943258785
136.9851293500883780969272541
134.0991633640746277718115536
131.3573453122439775025120652
128.7490712317820379181327719
126.2647369246447275227089390
123.8956249117774023263430052
122.7457804557017113485558984
164.8828405400205268954519935
192.5929121131397025541788646
200.1390272048275445832656203
199.3706193872798541117298953
195.3263301460819122089884307
190.1097972248438153031230030
184.6102889976688125478360827
179.1978101524919740626498278
174.0170178859668823705427364
169.1150278044233892456767238
164.4974482651312588727867728
160.1529680839869220518751991
156.0641198633065214346186736
152.2119426090866974000355665
148.5779394823507761762238605
145.1448343075405103140465102
141.8967984901708996975187915
138.8194505453452629019466000
135.8997645073973876421865402
133.1259482061800506198649400
130.4873180108050481805267883
127.9741809288624066743703473
125.5777278373378334355002314
123.2930260747364310120424635
144.6173751894841766329460332
182.9939616123315767056660616
196.8596951208112828661158453
198.9850824262919068225309232
196.2728619218683462968160606
191.6703192276515695056904503
186.4471290085888744918961234
181.1493390679316932045728717
176.0046692410133899772088904
171.1001370821466658091564520
166.4609414011575209068232368
162.0856324824235914985339449
157.9618333641771470095958284
154.0732686102921624884497587
150.4028788792450525150824650
146.9341587479060164096565646
143.6516843524847423655378729
140.5412731372587912591976794
137.5899801462177216204754534
134.7860258728602061036949881
132.1186997105269110084834684
129.5782590710914674352949255
127.1558329095781975156053678
124.8433334748133678974739270
127.9392024214688361311920226
169.3976861771195848537793433
191.3276873653133655303034270
197.3757647225551693193312938
196.5111587212128446720995233
192.7853569655032084475470155
187.9770526414737299975626518
182.8701347462835877617710625
177.8056100732379779675654570
172.9254173227175019694860753
168.2819663543112048685917091
163.8876533918777741803352913
159.7373540220545075446437201
155.8187005544504489946328410
152.1167915729187132750051281
148.6163348402482151645203594
145.3025936920526142691433301
142.1617714286669092541795779
139.1811318895176865979235222
136.3489981562362305556555212
133.6546975658084507509863249
131.0884858632220718393638356
128.6414661653415140672179734
126.3055100052372866925512906
124.2115228507643079281712410
152.1608949345661941086276509
183.0276622212369342288714658
194.2386382024767025320192779
195.8797790663975452131488416
193.3700519706665981466038946
189.1559085156732473661233952
184.3380392500257767681542211
179.4098857091370705940122164
174.5879316817100998620571986
169.9617896766562293160147523
165.5629200011990713444744807
161.3962702960879450842411830
157.4549646453327259296787244
153.7271865069315495073808462
150.1994215813894804177220723
146.8579779702040331401176441
143.6896794511494955896064421
140.6821576991142638719783504
137.8239493834059312900013111
135.1044992882482637840584775
132.5141197512846152995956914
130.0439316077554002275836433
127.6857992398193931663398383
125.4323845390684034441127198
134.8655578176192025299614664
171.5348546264159537183830955
189.2145114722718847728034455
194.1765610407055885564812934
193.3148493716599248599993738
189.9245864507144948540973258
185.5214466842552977786315637
180.8011685498722484533439343
176.0801022016519966528544132
171.4980387786999116068665230
167.1122842746930316478582267
162.9415107022167010010039768
158.9863742232186489260100857
155.2393287440451920314402840
151.6893546067840049290198578
148.3242547438962185975253308
145.1317662699949613589875686
142.1000855711310311736640263
139.2180992027310414973501187
136.4754662648345975162974079
133.8626261522180427538686758
131.3707697384343766561476250
128.9917938111936858779104651
126.7182491351661262750872956
125.8624470483178040001962123
156.9564257472908118944174548
181.9202673117510903732815718
191.1575091609246084638323598
192.4824963124579400617735318
190.2070118224402087091388263
186.3782255270296780355973851
181.9562872727425235654655960
177.3895963390249497752167546
172.8847911231520534655016173
168.5337645489657000307402596
164.3736125466885760595595141
160.4151359353187783668680727
156.6565671708125095452613262
153.0902860587587250893777074
149.7061540263739466636101994
146.4931853169002336985903705
143.4403836054412037002098548
140.5371519425485864947811817
137.7734812535834555169734305
135.1400228523629133164793888
132.6281002335106727490214564
130.2296896071104524140558742
127.9373851009025761159065244
125.7547302692404713899516129
141.0941951649865732655696150
172.0478141287581101034152211
186.5439267756764582464682885
190.7060288775130799460779992
189.9080337918329604703712389
186.8543869578052466998591661
182.8445277722856787352342943
178.4990307645321405077926558
174.1125147745946370402427156
169.8226221495123311549864380
165.6908770084907456573202461
161.7415506196150470450117816
157.9805624102811514476307363
154.4048284908629046082863450
151.0069715248288303037996428
147.7777328406895585182035586
144.7072210585521308126255732
141.7855585763270514521681112
139.0032101468127928837801889
136.3511408229077217732412458
133.8208813058258501523858393
131.4045429113875335782073484
129.0948054193433967415380387
126.8848944215833419593510118
129.1642584302723459585195627
159.6289578931562489493871301
180.0494312247629729329916547
187.7897162587676046840587216
188.9116463890367166414230800
186.8826240120357371997358513
183.4267505785009470658009476
179.3855182450137644427040536
175.1678832314426356427646166
170.9713343933232202293999145
166.8894346118819976840438820
162.9641333199551111839027652
159.2114394600271692719959801
155.6342272415425655739074677
152.2287529940334684435830011
148.9880394564931320150241606
145.9036640654515215289468769
142.9667146647637027868909707
140.1683008473813974548822893
137.4998231683439313612342063
134.9531081394506099737559305
132.5204679211061255670216459
130.1947175708586609323969929
127.9691685294077306836626352
126.0461461819981816408112137
145.6639538561535540257333204
171.4521472080461745362684506
183.5169721751172612886291482
187.0803743997050512062345479
186.3809416893022411027427701
183.6543922585280627849532650
180.0200843492874126954802724
176.0334819177203166847379550
171.9694800091894531055844174
167.9632373830629327130088586
164.0796690813964374689027894
160.3478818933404268005392637
156.7784781505848637559980828
153.3724265111259923812837476
150.1257114660740966213670003
147.0318225323448029123627466
144.0831105836529419188815052
141.2715353609074532450178749
138.5890780982943400809929722
136.0279660712344147497653606
133.5807896758198912483540550
131.2405573344194682089093752
129.0007142268973078252939179
126.8556589363034674267842031
133.2043432952792315430880167
160.7651381288651479264644365
177.6733037790606879024395105
184.2574086701303478620271933
185.2517725506047379125193921
183.4684662984355592834443951
180.3669918204193043928484882
176.6874233593223562165150948
172.8035492079540814052417158
168.9039891891349008054858503
165.0832161225736358018643729
161.3871793794572896998554442
157.8364024525522896883579696
154.4378945044249993019507730
151.1914337243895407756272507
148.0929598810768219232646637
145.1364456015606654852710460
142.3149465377082780730648775
139.6211972185226792406240832
137.0479496729038853958784845
134.5881634079305070137270344
132.2351080312235686778709491
129.9824139048178560534319643
127.8240917861028060161737418
126.9590917265814865344199341
148.6015002965949667474352979
170.1002427957123374898088411
180.2744967981562526719909782
183.3822831582579007960136104
182.7987646263439065031686350
180.3830350682126493797977058
177.1028934295879740110609371
173.4566899305744497281026717
169.7010231609714894384917436
165.9680647969053439920123017
162.3252369221281327074188900
158.8056872927672485373205998
155.4240939981139276439268110
152.1850424929894385271662575
149.0875740357896344883487560
146.1277141281845466974262633
143.2999077031998249887827555
140.5978472896166191162112126
138.0149557874592270603885644
135.5446682706754875995928948
133.1805945347600122479279728
130.9166097336848211025542350
128.7469011460085269073202972
126.6868371721541150545490910
136.8054923096880850295849443
160.8103561239910131377598665
174.9712148614191774024885796
180.6471302585935467111513072
181.5636058039598595954066147
180.0169113162582129812410381
177.2476637915679721288251101
173.9084043933867994362359782
170.3411344075943062744611166
166.7256589755938878011503616
163.1565520691526401138765718
159.6828980430189606134137921
156.3290312350552682254076204
153.1055744258501922284900560
150.0154557670284885371314942
147.0572702051973697376596227
144.2272011953216112454024958
141.5201414123229236711741797
138.9303564148340923172699827
136.4518812720461256874656870
134.0787577978494549043892344
131.8051748670489939922975470
129.6255489072115687197176611
127.5345864572949717776721000
128.7557455849238590037127418
150.2125035608367000481848018
168.2358770327760284330776100
176.9159061847061802692058736
179.6707174206465315182053598
179.2088480494624740676196445
177.0836288002544991790138959
174.1342167605165274135995999
170.8083774976120852501675370
167.3454859105526025346505163
163.8741651184891299865718482
160.4634671258970468219170365
157.1497952826290136968909846
153.9512962475945296930570375
150.8757289205437349437579176
147.9248747332722404278316573
145.0970702651249558003687563
142.3886940540976974804952713
139.7950558169854552031555871
137.3109357383446488952213393
134.9309141726557927651074348
132.6495732630515309868123846
130.4616189225472465849952890
128.3619526069641321638329289
126.5723091664284015013693009
139.4856140477131054538993950
160.0857537667267867482648883
172.0692046759672375822933923
177.0202433503604011477802897
177.8907835913041787810236112
176.5664633930684139983404199
174.1053451400887116107417132
171.0838418154580245861372098
167.8149412692570927228239221
164.4695869032623720191089714
161.1416632026838795665739517
157.8825542076822193257517910
154.7197185985904497908687667
151.6668759484610935361126782
148.7297288141830237040826690
145.9092576860916933930339938
143.2036632299935671557063990
140.6095351223533157614608486
138.1225675535489297632628926
135.7380027351963657799794461
133.4509077061466770306287027
131.2563470344028281823350967
129.1494894616314442467832812
127.1270600351308379547363901
130.8962615953661984228112250
150.8126407104035776796342848
166.0299925573556342588398958
173.5115376625382568116218714
175.9875828321407044366323518
175.6455589442746840075256708
173.7884315562166386821085648
171.1454246808067572094175450
168.1191780691576926888246422
164.9327090628136781400487524
161.7105442480471127944489043
158.5225368061592483115548275
155.4075968051990688565576923
152.3867513933853298554300640
149.4704957994234064218358397
146.6630336242523694989648982
143.9647823587169836396551465
141.3738869227512636145566974
138.8871516405503876258586919
136.5006230542837610603827399
134.2099584424794421299913374
132.0106601828417207322423291
129.8982246592884662209236233
127.8682365240685325197968810
126.8589497099808711525115642
141.2123075705588575538387537
158.8209094548410212928194326
169.0564950018013693516251585
173.4200616759309283134764155
174.2644869808310063379709316
173.1454156760580908102999828
170.9676333079401747151271530
168.2409520799493794775038323
165.2517028929560727487912158
162.1618982058761803410501641
159.0640026277556717619281747
156.0109209059043325873188627
153.0325854657630284009495073
150.1453140879420477840691970
147.3572147553783320667611390
144.6713837428116086720070217
142.0878417831210787386562800
139.6047305810703922023432754
137.2190652796241181472926469
134.9272142828885885880366870
132.7252081997534247563489230
130.6089397045969662365805888
128.5742926435712584957499352
126.6458788245052604785692165
132.8136643462364206715470505
150.6616694710448186641567659
163.6038094044384130077080924
170.1110500692508713054678968
172.3623810299179054644631477
172.1336869247917977570202698
170.5214641423725105304426400
168.1604825616544472395061952
165.4129151234139320676914916
162.4861756376838817335470652
159.5002031276009669612952244
156.5248970832137502387512933
153.6009795471911312931655164
150.7518023472588939615916541
147.9901762176728618998726734
145.3224152103767175690511526
142.7507881678535839097674719
140.2750368524888992876939634
137.8933340069351960450111968
135.6028976133514536985500083
133.4003896192348120994410987
131.2821769403998159292120028
129.2445029595845765399743620
127.2836667781913226594600244
127.6010697224019901004196339
142.1149901739851762577319806
157.1806432925141146471000843
165.9964177278609175985344018
169.8768363966659274748521258
170.7067220925526843821108043
169.7744344673839010261693081
167.8553569416767153685081669
165.4007726386792237761515018
162.6724201480234468078274920
159.8233372261541360912388665
156.9439227007953592587825400
154.0878953181029834054537800
151.2870586085614433725768111
148.5598577199417192481302201
145.9164511644124768365455133
143.3617869845625292879961312
140.8975098525863445230962690
138.5231670689916584089064512
136.2369844442234348325240759
134.0363726205513495946234244
131.9182611185333434851736362
129.8793203261214087708194540
127.9161094735139101988498243
126.2258298487061152388373610
134.2399559311460265027169000
149.9595415363043613678799746
161.0439586828453185602817280
166.7492360140475170778872446
168.8155207435402415817571881
168.6908799490177618640298348
167.3005225847504864652845962
165.1977137542217427652935660
162.7082045825571313516568165
160.0245054222371118847538451
157.2615574345834005648861978
154.4886392347659249551658195
151.7476545856481480785528388
149.0637649600823970449905483
146.4516990875127932328389036
143.9195817305076228615351747
141.4713086583183173077932991
139.1080501724426187265532722
136.8292203990294522676231897
134.6331119894546454788789258
132.5173170581170978595377463
130.4790090566295048652994020
128.5151327012866891167461995
126.6250119647076391332063483
128.5250227139873065351060558
142.3540574917565130855470739
155.2841199326026809250321612
162.9338486767546190430559906
166.4113002576910060343592179
167.2326874774564719918979040
166.4684300410026348284700580
164.7841719128041676962211109
162.5795843197351608346904596
160.0936679828867267460328610
157.4704935464633590965592028
154.7978442714561998917517617
152.1296265814039309690712507
149.4989674330689323291414020
146.9260024268936173512779286
144.4226050790098198020243526
141.9953213032830267759869092
139.6472281316661646003752186
137.3791333712529584065208686
135.1903628099156541454213676
133.0792840884577603997794159
131.0436593175201530890088158
129.0808844452657656874864062
127.1881551278205114606368978
126.0344961808503322340955141
135.1201805023037800382565132
148.8569181225662469271943459
158.4126105947743698710101875
163.4501192647058640853727572
165.3607105969625323155937586
165.3294224580610374487359272
164.1386495680877317935459050
162.2710838040358529446995703
160.0196147760576779893441886
157.5625292348118098947773478
155.0094512153399125141577760
152.4284644735299965928242133
149.8620937135850433674638932
147.3368407269505880661017902
144.8689826506937550271823672
142.4681712472266168743834642
140.1397133289774755957400113
137.8860434502203885906832092
135.7076914676966952889554171
133.6039278438010604462365037
131.5731995018541005222068011
129.6134272145873875491686425
127.7222100336301304066290886
125.9273598914062811612084784
129.3519279851513189114643110
142.0761277954987710698612340
153.2180415475067403940214110
159.9003708414726266019837696
163.0372205719844550025348066
163.8525080399256988919691211
163.2379368621211806864913213
161.7657393272737382692776749
159.7899572283390810084056157
157.5285502901155946427605858
155.1166923856502743551205636
152.6391005232449519571380940
150.1493253859169058233562536
147.6813278782037564210399150
145.2565346700400998414035214
142.8882216406371938746804740
140.5842919458147476185791937
138.3490706238422030684134956
136.1844844496221395564834966
134.0908498772381705869037312
132.0674064464950331083012548
130.1126820051945292860480693
128.2247450446585096633892667
126.4015344167762144683098677
126.0792453705890268892933407
135.4967508026695568862527556
147.4666745753982282947218963
155.7544039872955450617217806
160.2298837159187558952190435
162.0067094453360961033400933
162.0575530425172034342146765
161.0452306470674726283724943
159.3911569640643892954767040
157.3585271019953332982583738
155.1120814915980753049020293
152.7559001444006873574302806
150.3563909671493390473468732
147.9562094116800044724350607
145.5827762068105885546865531
143.2535779530399100798568774
140.9795284557476996324614866
138.7671407013882049804426286
136.6199553511653104280900529
134.5394954859716618003474545
132.5259138707093832199204474
130.5784371808387549632848532
128.6956740091576093852723574
126.8758302278046925277919171
125.2732413941336925256855200
129.9265182677597744068242055
141.4029741689218210644690978
151.0457704658623301267639662
156.9179219050354675968613025
159.7632579659269265344037941
160.5725200920807345544979995
160.0901471970955884010350277
158.8086112870108014954722252
157.0415365603563778457220290
154.9874145099130261307802888
152.7726573324852152013166118
150.4785614401191599754069198
148.1578598889361362775940271
145.8449167435981567180096453
143.5620895309790126577410894
141.3237688428073973817603084
139.1389898575807379164179287
137.0131504545457270708213492
134.9491600848500408703096940
132.9482193560034539222541395
131.0103559118675048263776478
129.1347968975968202650445295
127.3202302281558117501496019
125.5682650793560578777891640
126.2294904301722662097576376
135.4446632199241927075340343
145.8733545770330418465968067
153.1012814590752119126927805
157.0989905529752580009964602
158.7586191647937807412979046
158.8804523673955480393141121
158.0268232683363664830337184
156.5658217705157639255433842
154.7337880390153745860867090
152.6825982210327019055574164
150.5106493950881362632482092
148.2822816263140782447367658
146.0398598963645130688968293
143.8113506812622229455200428
141.6151430057726418436684929
139.4631681777442653226497011
137.3629532071212591498824865
135.3189944259004300800219146
133.3336901439100343546714913
131.4079824186149314351861028
129.5418038707898208350722005
127.7343919004574721248303992
125.9845188122504869123667200
124.7424649057452554981934024
130.1958814475819515267785480
140.4318829709926669595820781
148.8137105747565697125921731
154.0014062591980295283818394
156.5943313589939001360069215
157.3962325414642459301335307
157.0296943527718231089201426
155.9189070125329234775643554
154.3416436828397241051710329
152.4783972551184726260139762
150.4470142959953943168540942
148.3251062570379831882326212
146.1642042478347419622818335
143.9987019354316589828281107
141.8515668292754693288617521
139.7380425805002287134218777
137.6680879125252992051947660
135.6480089359938899742754139
133.6815679974490137355037447
131.7707472477038456638524443
129.9162808791068509326740155
128.1180300842275343133940774
126.3752496199450453801348240
124.7139345591176022639841484
126.3459701569148153442323825
135.0426700203299887504614307
144.1403599483097479736450572
150.4759189429354749750078400
154.0637223319510903896751914
155.6188467553937827840005783
155.8009906563755127438847639
155.0877913197846535505433440
153.8008497711134767797154416
152.1522118096140166374037557
150.2815770660682726398136492
148.2816009889679732545887866
146.2142464396191256178155901
144.1212322467229069173408541
142.0307444462440935550750714
139.9617995085259447654284934
137.9271229435392417340686358
135.9350774307638611009726258
133.9909733518902376723858606
132.0979717851412348243823737
130.2577144673411464563290568
128.4707681719882378881924161
126.7369412205723019953527975
125.0557682785667116940161890
124.3365153405516213459445883
130.1645485191967662373708924
139.2392353829602769179340051
146.5558330822211778108477385
151.1605858630819399252562435
153.5326272385644727993731851
154.3250509332250696159552908
154.0592517592135364249301275
153.1008352980778224312122112
151.6957428094468699237411046
150.0078480637053830195710728
148.1466818764452718175060010
146.1859879159284918385156596
144.1757830028059240456888652
142.1501712846246729247754771
140.1324478095146603533906700
138.1384737957305285261692911
136.1789404596670472243748909
134.2609089688902915085194399
132.3888721938848285688969396
130.5654959545822735080686538
128.7921424096970537398824409
127.0692433668503183399041907
125.3965691811249480179975548
123.8857439406320743725209578
126.3385514997192284742950192
134.3622175755669621861499190
142.3152915272475124213323329
147.8941911389659480578838242
151.1273171927973182426506260
152.5878244840152520110079758
152.8202972568481111778056610
152.2307955408718124586330186
151.1003311192073414112900364
149.6189736347918608890093630
147.9149370110427524584690701
146.0751470294859293789429172
144.1589549122172488068595534
142.2071385861908407025755899
140.2478222789487781913837848
138.3004063234108742675815834
136.3782085438417955780563664
134.4902633051651342720852912
132.6425629542353517395068282
130.8389251460418149802890823
129.0816057618468455963786897
127.3717365521141353203949084
125.7096405189750884636277247
124.0985514243809038017836621
123.9951834131026778929288385
129.8631658199264745802030174
137.8845037822527770984833677
144.2969282579275767478554757
148.4014609185406440037731045
150.5783498777213695198943173
151.3588257434886339235825083
151.1799945767038114164430969
150.3571022597496079838985696
149.1078078313791104059423425
147.5806632727580810841766991
145.8771786205481724370758283
144.0671190448136376120218690
142.1987402100776151190440518
140.3055884051787755746136224
138.4110405358932629962921554
136.5313655848950780249207459
134.6778138112229331062195454
132.8580601825377982099739321
131.0772137257571481154211712
129.3385313941153807315460034
127.6439282637681747272093418
125.9943456393324511056299318
124.3900342595973639494982967
123.1231308676764738336914197
126.1658145072474180777373565
133.4641985344263421382529530
140.4338978223896298584626367
145.3669630888474073299964140
148.2908067292688681250096826
149.6645511564377550381004650
149.9381969664713904553282697
149.4571754781305193728054406
148.4670176318229457314860559
147.1379211970538048529740032
145.5873036769159363956761585
143.8964335846259283806118084
142.1218826915265530047158621
140.3032489473071861330707297
138.4683553821208373174443525
136.6367727493841828455645151
134.8222303879582051923051977
133.0342849067520116957715057
131.2794884768029231019300869
129.5622158987327484083507851
127.8852562377180988364594323
126.2502401237478892637859393
124.6579510635491748618576344
123.1302017803401087842529588
123.6487761124119365215814081
129.3312611535479655016346482
136.4138001820021359609887556
142.0549684172228824694454136
145.7272849901430644167691633
147.7302811053593393141932647
148.4962691393191810840125457
148.3919574174726480869090467
147.6892321383960061580682436
146.5806136331349178099798986
145.2005522910256746908652281
143.6428681945420004460840093
141.9732997219575551437991753
140.2381530897184307163743122
138.4701950173701827403645840
136.6926731706514350209309711
134.9220792481830594251655676
133.1700664860284419449863029
131.4447944772636577213285481
129.7518823851973800837276995
128.0950915064299590852511271
126.4768187287352683854887292
124.8984564318281603624134240
123.3609922649309912513053871
122.4285842318422876236619660
125.8189511086600277682051945
132.3989048870682853288382924
138.5230007258291698926583614
142.9014034312107582202626238
145.5536375888517738717992327
146.8470000230384630191136710
147.1535456030581115093797573
146.7672488053424220812484898
145.9025952233474742060773884
144.7118238663708649813585775
143.3022383054742638064882726
141.7495724546251549822017661
140.1075090565257825202943270
138.4142771278213962397475809
136.6971978577407957144311770
134.9758274577677702182121444
133.2641463761256945808162383
131.5720984267779560290129892
129.9066835601854309016779805
128.2727413418326575235861396
126.6735179732779647859944450
125.1110802846715126009833376
123.5866211861573479127175272
122.1771118340288437658477047
123.2458207772375673513002442
128.6087770954408646812670556
134.8627908642789619268712266
139.8428415443912684922642862
143.1393154383292855747067797
144.9861989380619252611494769
145.7352725057958322986336019
145.6943127717291690828419670
145.0978213438316744223990360
144.1159694031672157996462928
142.8702521364762545882343875
141.4471573252584733326562588
139.9084012374400384929569298
138.2982039892750407761490186
136.6483732611969221973372655
134.9818484663295574541262010
133.3151824625563645316575324
131.6602922689966899505445744
130.0257049250595289429159970
128.4174521966392588875211223
126.8397189241921319943590376
125.2953169263565228032596857
123.7860342146773911708056056
122.3160934237482464979131077
121.7753640998971364193449297
125.3073527974285560038375572
131.2071577694800977679956794
136.6026732342101441183838468
140.5019538146137877690795078
142.9141339535095750841882426
144.1324265467779337523629638
144.4644887688809096455058877
144.1605470164709080752066239
143.4079017233484814687698254
142.3425738338947529784047151
141.0624234148268335119602990
139.6378130767174334574560799
138.1194770565200649923206960
136.5441310184720567694787895
134.9384289817118846127397884
133.3217542098479354006190366
131.7081972906558353682635546
130.1079682273576533685811865
128.5284127512283862095402010
126.9747499864156450635476514
125.4506123425528274976213614
123.9584438237413830860761183
122.4998207100973008380634581
121.2599683123015613206715526
122.7573999211228828107841590
127.7323347791241064327707251
133.2590126153198400881344591
137.6696333481715100744981487
140.6373704950190503166634358
142.3431909072912089612009558
143.0731486212978909308922104
143.0855883992168681614963658
142.5827406776494623099738205
141.7149067918832966546298164
140.5917017745205867569023323
139.2926572110264868148606459
137.8755160220617178942600157
136.3823204886940298953418014
134.8437775959394232262755410
133.2823689079407588065926073
131.7145688972315514337146317
130.1524353138035924936435722
128.6047571788748824053942438
127.0778897876069192759084019
125.5763668249618623688045710
124.1033525584577544662285664
122.6609783903145424391680849
121.2665652248014692292137348
121.1289651829971141093289219
124.6490488185628433599092968
129.9217516529683274557411311
134.6878688193809269077322391
138.1710485635321943167080994
140.3698421214451605225031724
141.5176005568657000004324057
141.8686616809359625841583075
141.6360016931798492004448328
140.9831019812815269827812057
140.0313495837533180853967107
138.8698146127522074753836287
137.5636834477852663544969423
136.1607247884496538826199514
134.6960356337543623501283189
133.1954693363440533893752730
131.6781022900388971007210965
130.1580125473845607847269403
128.6455687507802677968050414
127.1483702509876423639393734
125.6719376891069597428099437
124.2202239696467196688978070
122.7959950440720717089057802
121.4014784581831053807998196
120.3820595705149811897767967
122.1723201039978459730185999
126.7338951537932754883157588
131.6236857471683711533641361
135.5415816887311259294495483
138.2202439980112195152912071
139.7978883816761470590057697
140.5068163140793528331532020
140.5638374134060125602531406
140.1432969558908762376628058
139.3778325168675687444151350
138.3661848015972400292157974
137.1813162620449021424585292
135.8770811579150489626927440
134.4932907687024392234375492
133.0594432130290764475195520
131.5974392983963604654372143
130.1235559689242310252473421
128.6498839132396887542536836
127.1853799566344686001588846
125.7366421546709628798533490
124.3084844372507238147108851
122.9043655207961890114917750
121.5267125970828745205983883
120.2272701924371871266222729
120.4607149470288906533433124
123.8650943099990579817436250
128.5688616944187568488901860
132.7896467156462279292852670
135.9096513620864676332357992
137.9177872063994285689986262
138.9989810506166169875287515
139.3633435348595512778152268
139.1920920921156223243884247
138.6278292447719991630656315
137.7787495278573681244904682
136.7257656266783860905812091
135.5291066200207689386255465
134.2335940364074830079260818
132.8726348492867079248547525
131.4711766554236959678827834
130.0478774057609183251890364
128.6166969831332089222638498
127.1880678997519841476547940
125.7697604715504223856462964
124.3675258620284454672012455
122.9855769778018306857015053
121.6269503631619481050457686
120.2964172398654549790487792
119.5322266411971253920899656
121.4909589623115467901162494
125.6405775683802333434877975
129.9731234541851629278948663
133.4627910725336705054248320
135.8860146315877765876878934
137.3466413573922017935495328
138.0329410290153847613413320
138.1267714835470516835383351
137.7783625721230918557971942
137.1046526974432273216470514
136.1944469118001522519127392
135.1145300443804259553161354
133.9149809701991277893962259
132.6333594930452736540687435
131.2978760453556730369270732
129.9297517556214790324761815
128.5449656242480510767074898
127.1555477649234167756596909
125.7705393810127626893110514
124.3967085673340675846796812
123.0390869098900794308631252
121.7013740642747442617944543
120.3862765428398619203005445
119.2097459071237389159809359
119.7519178504755173862008020
122.9765317185283096046993171
127.1692866971887439834660194
130.9160976915824672380589512
133.7176568633796960830061721
135.5546640059973309604408741
136.5728473472833796067180295
136.9455766364281536816785379
136.8269622701929960901457419
136.3412996883090321646448015
135.5849017651646081018940231
134.6311318897783786016665930
133.5354976898119561220405487
132.3399209123188621888766980
131.0760762956381142285919190
129.7679257032213273349017057
128.4336172861529920800375371
127.0869028474068002662121595
125.7381960092063813157539070
124.3953644848420196896696963
123.0643258115600061740668634
121.7494975575159835944637205
120.4541394498775296035565098
119.1917759529327709670463831
118.6937975583503777822409781
120.7203398181673783814792030
124.4749977867681974172694833
128.3198243439366079114840544
131.4357700467684354781798101
133.6322765248782308935543441
134.9856482442130695699118211
135.6480414872079558192998312
135.7718651416565329630766034
135.4864795750300045292667929
134.8948745183287947275417711
134.0767930709840200380667303
133.0932328884456236291898703
131.9906328460218921677626017
130.8043081369739598144331885
129.5611281603549562058610901
128.2815568091924180514599378
126.9811917672840396633468641
125.6719222996623946238549566
124.3628007040843636473209566
123.0607001083377782267125247
121.7708130174555352995549288
120.4970309537944236032374326
119.2425778580047922676994243
118.2172421943922168309930255
118.9930721398215189755845834
122.0028873729726148083626115
125.7394966768436127866074306
129.0730465503916219585693357
131.5941919267511904517355816
133.2769783689679280894059730
134.2353969418810440945402357
134.6122581325540546441192877
134.5385140919590009512780144
134.1224054168577916802868407
133.4495545702972062558112117
132.5863567834753221215597152
131.5838450311368874449310560
130.4811120096376564806233095
129.3080827570138962274881022
128.0876754238804126063052139
126.8374551383910029402020588
125.5708901020448982915006434
124.2983034728222637789782497
123.0275953954323624799803800
121.7647922128793015896230114
120.5144658396585228547601027
119.2800576464102842755153498
118.0961172697015571714823281
117.8512804677804429524852319
119.8707703610529633884008931
123.2558042031818808980870159
126.6733188872768185740076608
129.4618369702397003947418152
131.4563109380203887632132570
132.7110515555296498111109174
133.3485702052425263327110399
133.4964373596938842039730742
133.2659433710736691746029207
132.7476895807864133991798900
132.0131682176172951638638966
131.1179746001749657881613604
130.1050594527640507688431213
129.0075227512055794319860800
127.8508614000603443017839554
126.6547233724333227697558656
125.4342570470549780577371508
124.2011427433841968939436836
122.9643800550229341538138530
121.7308894634839053413903793
120.5059732943962246730460813
119.2936702020579279286922994
118.0990436101805488564679976
117.2456586565074618485903921
118.1815356569196548757748331
120.9615396890682135567477635
124.2924938191556622817807442
127.2645873144779192747756255
129.5378418312682064275889205
131.0811512395308507065093833
131.9828179142762322155869807
132.3602103713543645820106310
132.3244810562747186188202235
131.9697901094309319555981700
131.3721512119782512187241795
130.5915437282333771889513351
129.6747786743893232430499194
128.6582087674321808714061239
127.5700126306632900564117140
126.4320258188109870153692701
125.2611733508194001108924858
124.0705773694592198143957542
122.8704093297752847505520210
121.6685449166754550407184059
120.4710679790128340780672483
119.2826593152353377023236217
118.1069329320805753905984625
117.0162190999867529774001166
116.9932818073469080899301776
118.9537391542653781482746732
121.9982551741863743614165906
125.0408256592005446194045398
127.5414273547328916564292937
129.3552136447448659696611519
130.5190077362878053823834777
131.1309738273338771413151039
131.2977151869905518014828704
131.1148700591859914375266506
130.6620423695808913259924936
130.0032244891126264990707830
129.1889849604966085050986114
128.2589498179699677535083417
127.2440514657772546665723141
126.1684014623979332341622980
125.0507897072983004666541310
123.9058610681624811882612076
122.7450299371527166983510302
121.5771882071411308269345672
120.4092529356453857329015222
119.2465905554547393096598486
118.0933464300730797180737426
116.9602046051009918758198993
116.2872756165773266029610731
117.3191861433465854127294495
119.8675614850760802911069204
122.8385099918240212274912892
125.4934924092043554696029080
127.5468201260935440379823766
128.9635945159370321623677643
129.8113418819891247224712444
130.1862345578868429761461048
130.1824868114390957088479609
