19.0000000000000006595863874
19.0004255884669655800621792
23.8034027441869555556565815
40.2624801222926839067738438
48.5214714606168519948998239
50.6511953608842514071526609
50.2301863252860057225823681
48.8547774525678364400861159
47.1791451014741292351511877
45.4719278177500548172307901
43.8414494419672677564600442
42.3272119817946989706451220
40.9386350448794738383778180
39.6721374980690573654524375
38.5188961820929251405477105
37.4684182899314952265734637
36.5101701024653807122962749
35.6342826255216760424700188
34.8318146244928181887451475
34.0948052775183542993739756
33.4162306439109715377764332
32.7899204888630929029233642
32.2104632491868573621267048
31.6731123852442369022630164
31.1736999753740560749164560
30.7085598028729412218227817
31.1057330179588889100115561
45.4354378306400248290931832
56.8281321713792195266732844
60.3646659377695454573128315
60.3116758485340575552036492
58.8783812820361518326024296
56.9792856148811060484908943
54.9890837750144590395239271
53.0602926038931426266254957
51.2510979396035032329096184
49.5786395388256335067034998
48.0421837229547005710561120
46.6335517961829575035601040
45.3419080328497638495170329
44.1559574467944651230462414
43.0649216874797149724310330
42.0589299714014866386769424
41.1291302842622878072525282
40.2676702116250066374265884
39.4676212955840874092018570
38.7228834245713707789265173
38.0280869287446367377911606
37.3785004839692235801832551
36.7699480728007619910372838
36.2199767209196739241243684
44.4845678509159192077555040
59.1095724002982331632215908
64.9416188181342049401540145
65.7890470694916171177153056
64.6367072348318567907541898
62.7641857303584853706870892
60.6964283446804632192550792
58.6489199210436969642948779
56.7071150491554447348557476
54.9001906712554479019443730
53.2326749044737963233665710
51.6985401935246392484050026
50.2876494878455233417868151
48.9887309475866528617655954
47.7907271255670723563177082
46.6833676749645898243127092
45.6573689012487716727980983
44.7044564470694067084979080
43.8173081119053517490290133
42.9894649471289496396111410
42.2152342526363553187125864
41.4895956524041668365555119
40.8081150846277959117641835
40.1669001832229326243646116
42.4815599274246511163109095
58.0999399984058566289046439
66.9847078680334960711406317
69.2127348996055152479595083
68.5804463346078988855989918
66.8669208363838331920360456
64.8074577629901788088713004
62.7053253631491563396573596
60.6838773036293576361321506
58.7891476826590169930102781
57.0332449484725958897094253
55.4134758227382278957823441
53.9210435356146874121801332
52.5450707711037777824701323
51.2744517791554972277008479
50.0986713451167829983064675
49.0081259305079651298408692
47.9942059009205969913574278
47.0492664995604095285590613
46.1665511033859503580086557
45.3400982751670307102842073
44.5646478847283283133813844
43.8355532754302946322966936
43.1487022296620323228079691
42.7925233076487316380942786
54.7478647556939464678021758
67.0912936385142933527174538
71.2736301448464089546770051
71.4382396886994360873316063
70.0164059567062137151815334
68.0359656138151306628934135
65.9223630315681418760028758
63.8513836034212679666291005
61.8923672328341087655614291
60.0680198721677970450322771
58.3804656377249829348124983
56.8230104488392501393766222
55.3855799133133469408545424
54.0572475708790927080922887
52.8273853966357986762690485
51.6861500727863500371911202
50.6246477126044690983455119
49.6349454264748236261129780
48.7100136420929300902857335
47.8436411216739240000161466
47.0303433816360441938227559
46.2652743521383277266616358
45.5441455384245715934715746
44.8660195126112789010071413
50.4096317016957081016587976
65.3565840162276330118145930
72.1523442624908050571327542
73.4712503432766008790178585
72.5056181382788879424060015
70.6840187803194661152554108
68.6016151115813991893516291
66.5066511943748853945118132
64.5005474326885837813247018
62.6206562911634909367766705
60.8758828192036249221267601
59.2626309050681422344152717
57.7721533985386236142046419
56.3939887668596951497084294
55.1175564593733488062774931
53.9328657799404029097171873
52.8307932572822908716648295
51.8031510970723104355051108
50.8426576006460208854918213
49.9428652684381680590450833
49.0980744755928231614129376
48.3032463590056403308137074
47.5539212088043543076421136
46.8461465877906972408643881
47.6279965575369991707008410
61.8323403754880619962242812
71.8135860195691403078426818
74.7487051892468878003405721
74.4557629538126775620346169
72.8941420650582995781417617
70.8935067224974182969660030
68.8021311364743666227846796
66.7654888704680798996400170
64.8410387266311940538609486
63.0470862881958495202820834
61.3844498170008488861856792
59.8463982273208125637229029
58.4233080968112051028066903
57.1048546127963745445408955
55.8810188963412273447648882
54.7425175947561851909015529
53.6809495359412742305135236
52.6888060513754623201566029
51.7594188652144362919858218
50.8868829082515354216473341
50.0659727231205186449826698
49.2920614578093609874130504
48.5610464289177627922700922
47.9409495240809372222484890
57.0069959288941459334214670
70.1179363263388125097669558
75.2320296470329813455919638
75.8993034200512682400929850
74.7308922892024780976719733
72.8764857802360688313899679
70.8221235516129704432449099
68.7736652028623835496375356
66.8160456127510812728179242
64.9804695978657325353692564
63.2739129331331389047137185
61.6925672030638190475834516
60.2281365424264747065438005
58.8708247048347355361019789
57.6107409064268808516371238
56.4385335115674951087878383
55.3456427014740210361559600
54.3243660661927984460019265
53.3678349940672720705090342
52.4699516827459214752987708
51.6253120589075461251775977
50.8291271799431678393698342
50.0771490533060234255307960
49.3658582602338071341541623
52.4678177187395816833252451
66.9353297430996483225537716
74.8071183794758898981283832
76.8101091903134645502930295
76.2121960372847311200517266
74.5884766009626206089011758
72.6137160947270621399718251
70.5763831846575437967313652
68.5988348501122849401764206
66.7298475383786839801908157
64.9848609383573082889825975
63.3641805042267652181033597
61.8614781845937266834826863
60.4678425520184200261773842
59.1737151421939278900042207
57.9697961342996457638538619
56.8474392360260307779227604
55.7987924676505485949286420
54.8168143294516789541893810
53.8952315549231231756214351
53.0284724285713305291175848
52.2115929453941663672094851
51.4402043326077952939039845
50.7104059152290431728378308
50.5766129579281869814362260
62.3810809150727230785732366
73.3083513399074788781638427
77.1145274441515747330504320
77.3220139480119152409263912
76.0406341297439619155260808
74.2008445707476952957497012
72.2037692224316440729705030
70.2225910850820582201615507
68.3298947321182704239055464
66.5526323464245432034256334
64.8967851713461653164328482
63.3588276768147845860097519
61.9311961727581244803691362
60.6049296642179485543694522
59.3709363260445772569155966
58.2205776372124928335306486
57.1459101130161406515143803
56.1397557815142566816098933
55.1956890980275810005940691
54.3079856560600857111374680
53.4715561314923687198137399
52.6818773758059023542529626
51.9349264675886174528223461
51.2388481872476911017519838
57.2846132087401615830832718
70.5677748295413667906851163
76.6961181109172912409300113
78.0148103217752630611508000
77.2233400806019532723900638
75.5910295148294600769605773
73.6717621652929137932227148
71.7075490874808959488443665
69.8030976031985183591759580
68.0008977175546742115764487
66.3146507444872737559943682
64.7447186106829473508576194
63.2854841869419427680541664
61.9289260651877276403589164
60.6663618650377659070974906
59.4892826263947851758944068
58.3897287039721724310992046
57.3604332094952356734848791
56.3948488652491905512800811
55.4871184927882867392275710
54.6320206104279315104034603
53.8249064899315414563804019
53.0616369700507483810605251
52.3385387810960954063809481
53.5771262538172762500113717
66.5435497517023649400321532
75.4033866724807688991894561
78.2162323495955185033435382
78.1082889840933332854990867
76.7784930274197044561548216
74.9857015549072132870403951
73.0647650882332825287809267
71.1635737399428638945469214
69.3454634767748727725032004
67.6345269617694529272554831
66.0364201972649068268981989
64.5482443301749462833127931
63.1633566480363338303573702
61.8737422369159846474436647
60.6711776666873569860250201
59.5477837917680297746795092
58.4962660425543689721171087
57.5099949606337155338390572
56.5830065845457861824995483
55.7099646129898453998022195
54.8861064616230605010237561
54.1071847525243181722980300
53.3694100749336313126692608
52.8255292430943058970351807
61.6116569397561344464713133
73.0751858018457067379747384
77.8229663184689079171951582
78.6484084590263706656727713
77.7452581371534330240196841
76.1420729710220104024498876
74.2981594621130730950840442
72.4192401543407276368411584
70.5964834126469634058274079
68.8678581930629286793632108
67.2461343261733063162853899
65.7321226679703468921653103
64.3211203596154722094094260
63.0061085285321809383465383
61.7793475307005414021453867
60.6331615685464795147279958
59.5603063304172145161417997
58.5541206727214997140511977
57.6085671839352372596180494
56.7182171183201199565261273
55.8782092828722373125643888
55.0841986155198290286778669
54.3323026947003458316379733
53.6203202369957546015949069
57.0022568854188923700564877
69.6136797524161067150058690
76.7058315390876397418145974
78.7767063002513503629007419
78.4610022381517153971013959
77.1291461728803793602754845
75.4055548872091771575253905
73.5730407486875711761635521
71.7597716799747219382674484
70.0221307196770567136310125
68.3823510753022183544441934
66.8462236719651412549966476
65.4117000708498463343700830
64.0731738791403260904309079
62.8236397144790836895665843
61.6557800696518816138406481
60.5624991631928839854906940
59.5371679023607694141188394
58.5737175976157372239272448
57.6666554693012581303098630
56.8110411691962968951032679
56.0024454697287288535156628
55.2369024629905244605901339
54.5108619527097696378856839
54.6028509830047099525007883
65.1590896193725328699125448
74.7242990436030177754214312
78.4053044725432742268111512
78.8821257176135080374915963
77.9268794128684635722419808
76.3790753804557793928768885
74.6235953137131347053627322
72.8375742942438237344916199
71.1017028244129999936030088
69.4507048005728894610481125
67.8969751539069123091147327
66.4420270291880089958003108
65.0821922374829545399327946
63.8115145240244421841266662
62.6232288755967287229087368
61.5105110081758764666195092
60.4668435924806816279130257
59.4861794363389964764061646
58.5629973387046632503420758
57.6923022453841563570431689
56.8695978142790991480303712
56.0908467148608160596076244
55.3524269411309675806419248
54.6813894024464454328124292
60.4092309174546473381237567
71.7698143659208861428467560
77.4270007043604505812383473
78.9504852845334043649725083
78.5063086056196217957053158
77.2051007004100392254641856
75.5654636392820091861371458
73.8289920772882655697840581
72.1083084672178670963657489
70.4545183811457308010411398
68.8886919260120291914820662
67.4170524298252528966360465
66.0385313865103981654023001
64.7486158265448292982713917
63.5413353910221213527853289
62.4102902007901471083360908
61.3491736410326413148003171
60.3520254813222593392102242
59.4133402818731650459490760
58.5280986460623592411326170
57.6917583306890308072426208
56.9002256287474552665447939
56.1498182724146771484601515
55.4373200760238278530674100
56.8413801388862291907478233
67.8709506014223565390322298
75.7243398804348992686154444
78.5925328660271964814589421
78.8286065873501811357718457
77.8638901548988276993584390
76.3891323994812935894324676
74.7301633001443253670566346
73.0413428130826509019651250
71.3951429381653168576500757
69.8239439573101536711799155
68.3401300168781955002874022
66.9460621450091770694462412
65.6391623197261011522171501
64.4145554908202755913122504
63.2664553345224367874553836
62.1888880274222833085566668
61.1760609205583555730435868
60.2225386936004413541999168
59.3233149554042925521915624
58.4738276662961268276309219
57.6699452775958468694641560
56.9079386113441852413896074
56.1844468692712089752170440
55.7369074569866210760765180
63.4014979750034909441934412
73.1966355823316689188109189
77.7203757001130082031435022
78.8440770487312037747255013
78.3289632344346982172852857
77.0807889330365445923676175
75.5342687234983753455256480
73.8979929804045271116518580
72.2721565286534417760261020
70.7037920859419460858851198
69.2132719811439997373197679
67.8074250316174792440831655
66.4862195308801191634222501
65.2462476318869005561531217
64.0825695235103543796160899
62.9896940056155992868670550
61.9620947003063276286872895
60.9944728240753100345176361
60.0818805702401532924862871
59.2197679418520871300089250
58.4039881541686364248876730
57.6307814103270891972795299
56.8967482481579872049839736
56.2028068484772532959604344
59.3395104249209854273196481
69.8248298642422303372898247
76.2379428134526679557949515
78.4915908143629315595362381
78.5663446869046578955715631
77.6219282714188092146340758
76.2313972968545097853393108
74.6732521245639520923212188
73.0834604016336232994470034
71.5279299833100805429240323
70.0373166257633275621602901
68.6242124325519766493498226
67.2918900440897247751936031
66.0388673268507774559558090
64.8613368050041049902851072
63.7544729917718162822468398
62.7131359800436716062691937
61.7322442075752392155362064
60.8069637138225321544986593
59.9327950941512017720722665
59.1056036735183414380287250
58.3216187348485019624698863
57.5774165710809129983605948
56.8699008785893052739728093
57.0684045793095800953868650
65.8029950217409882137103301
74.0587187464610809848443297
77.6995059816165443621212564
78.5338634730158908098936547
77.9888433499890365768648803
76.8082994728635444548491880
75.3598407906856175463681455
73.8252968490100978236715709
72.2947566846788705471516794
70.8120321773728794471277402
69.3970905235349899350095436
68.0574459591999631018607774
66.7941056690679246509975549
65.6047440198085039853675885
64.4854241152249546748702578
63.4315382826334505321345752
62.4383197170073007301319242
61.5011149367001368344105830
60.6155215173111748229391774
59.7774497486577960654602669
58.9831416341577345967027015
58.2291664814730216884847176
57.5124042357345112947996635
56.8835604540194363298523900
61.7376762949549491890114692
71.1471187821558655034681511
76.3901819022217950593114959
78.1808794454204262491495643
78.1520776141797223945173414
77.2480543304546566884899318
75.9480523441222532997214059
74.4922042042136876376544303
73.0013953250028655344148145
71.5361725298958261791776201
70.1258767587691173304717820
68.7834193148292310968390968
67.5129874914053417360621417
66.3141635631224045746085487
65.1841696125231731148068012
64.1191062949521069851866423
63.1146389697111212752973021
62.1663745985370809129455430
61.2700632656971678809512989
60.4216994734256426277078967
59.6175661387238189131719957
58.8542461399393397009814750
58.1286159305225748863637884
57.4381903726096280044464331
58.7203369062982184825029276
67.6019742804300117841950340
74.4921957467177765377514134
77.4491796402516824586805364
78.0759882569061237065993240
77.5296876841825486610597942
76.4255377176934271209824242
75.0769200239344407181322715
73.6436685080918325079080226
72.2074953808046090865285144
70.8095834520421196353671838
69.4696610017834400257518846
68.1959396284171944739968907
66.9904273794244362710884497
65.8518323183746682371150064
64.7771754393321521127754255
63.7626950639937071417689765
62.8043541659834844759122717
61.8981215078452812891565741
61.0401224563360581258598348
60.2267142834712673028225047
59.4545177777923200251367813
58.7204238671660300904199678
58.0215865412953347028257215
57.6416938817667675173474232
63.7934190738976857293940539
71.9677096671207436433867735
76.2764808313055646390943849
77.7187053672810902274334481
77.6278062134825712435781897
76.7770489619929643376138073
75.5702420606369004885461379
74.2160378377552246597526430
72.8227499376141117854955994
71.4464346165279393703615221
70.1153753505139502628231046
68.8428364528039475581964014
67.6338793291269331110567643
66.4890923165091001348353832
65.4066712004809928817182152
64.3835955444462157335997101
63.4162981334143257156979078
62.5010449448499339667473274
61.6341474246668531708381797
60.8120766819162756015837618
60.0315200903296730961829792
59.2894041787891213904881529
58.5828980488643660970950136
57.9177898339125380547158303
60.4853102851520334149462884
68.8665087812574402926197531
74.6052150856820436944704302
77.0330280397471467204856733
77.5123678881770668472535379
76.9841731197148532578829554
75.9608582873077878509597184
74.7115140364869073867244975
73.3776394832393261120191434
72.0338611152770434596451172
70.7191354085218235035388174
69.4530276932051578170943003
68.2444109143741980718476336
67.0962277033486074474264196
66.0081531148496516069477291
64.9781084497803406525431279
64.0031313624678609937439138
63.0798779285416151416181620
62.2049107720623605537784773
61.3748612619858988583598480
60.5865169918826343192269623
59.8368648197014393017973816
59.1231075967447070835131726
58.4426889271975498748155206
58.6191080182012677617027287
65.4169311389991076244058754
72.4012764498702817598167073
75.9692567875758346812597209
77.1488104061859442619229958
77.0251119331093287572999120
76.2351627603502272478883192
75.1215447012585144754786986
73.8667632842886743318228186
72.5684779243697462591373295
71.2788825330743888579174026
70.0253521112872624896204950
68.8214839203219626280340508
67.6731429985075836985807586
66.5818469283252025978925045
65.5466969153357645882417936
64.5654952749729566728326541
63.6353976740534656655082551
62.7532944030513207417283600
61.9160314747370510957307971
61.1205360013777463405387756
60.3638839942049860487369159
59.6433334882481727678036850
58.9563369123558949257813266
58.3713211983349309317733638
62.1316799272881836590088671
69.6898831261431366985212608
74.4817423085352875435347391
76.4989385156238132998238626
76.8746062462160642554813538
76.3770852513613623441843298
75.4358894213608084533073574
74.2835425351286911029985859
73.0460467354529970871382387
71.7919130839172728495366307
70.5581396840324828432240494
69.3641425678574528689405411
68.2193877715355233340587847
67.1276674691572485373555422
66.0895448536454790361524770
65.1037753971133030172500821
64.1681430375687405939324995
63.2799553167495897213232279
62.4363363894179081618144704
61.6343986426193436225835517
60.8713407160300236138421941
60.1445006636642783895704453
59.4513817716830080207929755
58.7905829555969650718577264
59.7812857821125876789007147
66.6158565567157927087486118
72.5421407519902775196149909
75.5232769003015860942430722
76.5041790196539724972388500
76.3679824434347620060239406
75.6424974835062024452308287
74.6201363886513504373247870
73.4614271682774362407497872
72.2548545921099199168173520
71.0492043633441309898844317
69.8710171381502536892233539
68.7341673973476059647242470
67.6452341213233922216245087
66.6065755771358437732050336
65.6181220991144826521987117
64.6784366835234907742619186
63.7853487339720814967945832
62.9363344583686684089043051
62.1287446220257462038256527
61.3599392395673013960039860
60.6273650598798282197529310
59.9285977369433962649574612
59.2613633678471514104900529
58.9067927727710834816579142
63.5219065059653143948569343
70.1638399961923953055418447
74.1860925873112260858226131
75.8829971217715753222580575
76.1866721713202292449895450
75.7274130844171932937479577
74.8673569880508555429373677
73.8085205815270229766618468
72.6636337624348804920071731
71.4958291938472623158006330
70.3403206317390411336659106
69.2163474124805399769011798
68.1338803268787275294673308
67.0974647655799804249047477
66.1084659139670612690564150
65.1664020081611760855406394
64.2697461187379658975909205
63.4164122874477805661327096
62.6040511041771717165287039
61.8302286681015235474665694
61.0925334276718114612083658
60.3886380961887519059058634
59.7163334923520349896959532
59.0863460353101368010708632
60.9798077585285242646429716
67.4423657358337023231091532
72.4650280300871464935052046
74.9798578332305397231453862
75.8097477014144865558143580
75.6747490864652971198245749
75.0145974187900903293289574
74.0802120323916882649566865
73.0134390597565901195440266
71.8947455316472625537308667
70.7698398163132913582250962
69.6644526648181945942433768
68.5926582362312828719149290
67.5616488590496440974606192
66.5745284923485952585991014
65.6319758595937194388332491
64.7332491202885119902839949
63.8767994252736005574264673
63.0606480865246714193860935
62.2826187286789033117631276
61.5404793741454236534074576
60.8320280613367519418249530
60.1551428403548932543144132
59.5078819832063055615633663
59.5835132982123385452047179
64.6103384022826776847033366
70.3681530191804450358979519
73.7671254384766750717909107
75.2123983357127756471400143
75.4667963415228647230512567
75.0497946688917739217404811
74.2683186503205627311158165
73.2986815173098353437409326
72.2421083279374650208412346
71.1569219763487813332130389
70.0766622986944409876828950
69.0203394262911217207532662
67.9983297361503175940522602
67.0158300206025168189996353
66.0749178605119691614655678
65.1758002269311869718440701
64.3175799507546120502361557
63.4987306422382130495475778
62.7173924732415452530669835
61.9715563808454319465989744
61.2591779938895894096436596
60.5782469214580199216953839
59.9268275802322976932910947
59.3788030634459897088646498
62.0776368595094789770541464
67.9614941740799093172222956
72.2278945484855300803458747
74.3701018229595222651935348
75.0843766175718524998792478
74.9594625813877008888096675
74.3635570494737775809472056
73.5129589429073655711592849
72.5334699641281549033042522
71.4984588054796574085369301
70.4508015801334334488490921
69.4154124963397010995063983
68.4064763939107149873230964
67.4316937692537300982790103
66.4948169729291798389463978
65.5971907530579151198099388
64.7387014674174012809072585
63.9183686298078537828793732
63.1347164959197814716175424
62.3860083799098779608539286
61.6703942320111959498167326
60.9860028498950983812388344
60.3309984817042212518475772
59.7052883109223616404646339
60.3571901320780447345610701
65.4070204462996269714760837
70.3681607193409298176804851
73.2617602860234512886120344
74.5076103963064982961430332
74.7288497113400857135478141
74.3555491489377831905130811
73.6490311330594094017052146
72.7637560296922005405507859
71.7908691996187753727713107
70.7843316417995675148467466
69.7760783199837362834871621
68.7848242646153273107252917
67.8212483346653306553352575
66.8910958277779120574147331
65.9970666585775552221216139
65.1399819883234964587142453
64.3195143420155861036459366
63.5346491307678347048724611
62.7839783454381859798087561
62.0658879627929361823319390
61.3786772670236869778069858
60.7206341557704392430322074
60.0900861035725007189217841
59.7310020656584980820691192
62.9972568343326590660146363
68.2359103270368153073305489
71.8751279038144937679203230
73.7173651909480961291292382
74.3423072122756144885973403
74.2328959773866070957317290
73.6988174015081190617283076
72.9272478480772801809319761
72.0300832587447829888314021
71.0743384250167728502247496
70.1002437759514585727768187
69.1318727788079943774021776
68.1834280763338673487594011
67.2630132649508500070840243
66.3749326137878501849008606
65.5211151047794212786767478
64.7020084744723297278614950
63.9171470006161242279728314
63.1655152635031797374995397
62.4457824973243273084886524
61.7564538357988785189144823
61.0959676279618779628683417
60.4627574645938832064443684
59.8706474516098955513742605
61.1356801580979498322326087
65.9473798911304738504646967
70.2156667468845608006186962
72.6977833498909699454314840
73.7839966163373451107757812
73.9833642225474795157103513
73.6534332130827092658420161
73.0175786677941860155874245
72.2115306556530391318262823
71.3175224397780652133470770
70.3855149063371057916657127
69.4458818101666665724123153
68.5169722308758383809614298
67.6096654839532757153088817
66.7301546650842140005508769
65.8816737677181137764051334
65.0655847259227459360022570
64.2820702181640532130322257
63.5305797740621196056904411
62.8101192356436642967154860
62.1194394417380351808588470
61.4571593345610949314880602
60.8218459822775348329196345
60.2122258639783066956853511
60.1641239074229683819813060
63.7135580489990414016252268
68.3200122296606788991204693
71.4404571032025712642543418
73.0391313184219764780678503
73.5942524519719142563861483
73.5032907151443572186118321
73.0277535107874575146192590
72.3301377811648831146807632
71.5101914910167419857438250
70.6291906712363393789820153
69.7248677196622410292896723
68.8204231996463987855980870
67.9299861882324996582185200
67.0619618224985419475528648
66.2211129672068203110140708
65.4098732941315554567575504
64.6291864892391686417929544
63.8790487250880730755201194
63.1588625551997618423866482
62.4676693287053029704600137
61.8043023956089528030115930
61.1674881185062631796055352
60.5559123880050653709727039
60.0378449460906822432543806
61.8405140209043689068411751
66.2742539394541163810281701
69.9509790588005972928866204
72.0960315218207283386243980
73.0530354821265623002790434
73.2382994459633006963877813
72.9502070732797653855768181
72.3803398659528592743341839
71.6482592844798651862374850
70.8282588040653400993520662
69.9665998605474523377164317
69.0921245607496273617256260
68.2227461154062727594999113
67.3694468761915745505807117
66.5387715690723445770510044
65.7344034980354623234195136
64.9581743312292383100355166
64.2107188405470850836290807
63.4919038163886146488979680
62.8011113571721301230378260
62.1374270617355428073919415
61.4997654208726858788995501
60.8869533312366730450369672
60.3001118810625200830271456
60.6451357148805384692002346
64.2333061535820649914818126
68.2585898581761838552611606
70.9493743569480965003416519
72.3484285258109868499546548
72.8482196688632601415005416
72.7769202861367577828269372
72.3561167981202113316566025
71.7272539039431282932786658
70.9793957531906806852467439
70.1685986240596988317076662
69.3302194521522746989702109
68.4865523815737765454715486
67.6515667541556482838150482
66.8338735565864552017408083
66.0386057364480773084847102
65.2686255941955812675550938
64.5253096751129573091033377
63.8090646484803890406189765
63.1196695417097180891266998
62.4565044417912216553088855
61.8187040943928197207819406
61.2052613037934012880621067
60.6151079213771760966539946
60.2408123414966102745769435
62.4271525362456829555109416
66.4290287141810208345330097
69.6051061546424828144367922
71.4720677361287331586441773
72.3232429015579194290029654
72.4996247631546176425271754
72.2510648489034115049659485
71.7423416432671185394522328
71.0789733641626069719394854
70.3281364158752971130181163
69.5326501177192027614942049
68.7198481328679259881042862
67.9071427576953601621446270
67.1055289276707776579738275
66.3218129845954239303349041
65.5600474563656021317151503
64.8224660089949956894169744
64.1100996574222756525248985
63.4231870010744606759289312
62.7614496389660120408753032
62.1242782781219372855510114
61.5108590385295663353757634
60.9202593307986431717289759
60.3669251455962378246986250
61.1207113965511147781356559
64.5784280806961215136421055
68.0874508004813336298044142
70.4210641324341850526809106
71.6549031064870833583813796
72.1101360705408960439445419
72.0585212938138235895873715
71.6883737120561553628009776
71.1230758679740386284261151
70.4422433789980243652792201
69.6971596121089524535232456
68.9209130953487541726392181
68.1348610556978885087177276
67.3527345146534642779045367
66.5832620307440689195503171
65.8318640583111901129226860
65.1017598238172740042172140
64.3946986815157186402344993
63.7114484370745496160419805
63.0521244049132392412255886
62.4164128353697668846344586
61.8037235007607464946640378
61.2132942896860311259539230
60.6445262228008099691969104
60.4863528624410661407508434
62.8802681510683535230679320
66.4480365544323324242124198
69.2017293449671041053916471
70.8374567012691374526448570
71.6008721252299908426796763
71.7717653266533208854948316
71.5599660731102462585184394
71.1075319646773631419039707
70.5077202504581517687810520
69.8212969375821958270721843
69.0878657513547214695986966
68.3332738859946688025102342
67.5743750243965699590215140
66.8220946666369302201036620
66.0834179401905066554989923
65.3626919942223950520217800
64.6624887110971387171652732
63.9841822463506183985734746
63.3283394079079193580677626
62.6949857464869210051244259
62.0837881791657109547420642
61.4941809756922631799468217
60.9254535845099102059985258
60.4341329354524934514466850
61.5464332253973673532116152
64.7757988809290099508321546
67.8347276132334406145158064
69.8699040622731238976706365
70.9656321388113066004709018
71.3843270532493856282640973
71.3516263007237394448464135
71.0279684147550649229166274
70.5211614964351034404765684
69.9024272533513368781877302
69.2186680544061004140590902
68.5008020054624062595281948
67.7692246434343024352639822
67.0373590668487361341552732
66.3139714543086144992347750
65.6046938297410557854375141
64.9130355834296093477091577
64.2410623612528540473743585
63.5898562013110572062318461
62.9598301839090683135155596
62.3509452472093177528195216
61.7628605203470381622422878
61.1950380395911972175649907
60.6494551801334773324163273
60.7541125049193598986870592
63.2029704032351511496694488
66.3616219324516253857871440
68.7588415563844763752603943
70.2007329144532663555204152
70.8904469043545921945943507
71.0579460622046786769871606
70.8798936732351720273428234
70.4789928602709801905191716
69.9377492784835803136125649
69.3111338362144506737286286
68.6357390548321434114790507
67.9359496171970335069352253
67.2280116251037549678171330
66.5227083403104465947910576
65.8271286065371552303421192
65.1458455631631837118554486
64.4817099118473319263003872
63.8363889724878833321843355
63.2107363413868949842277883
62.6050474618596072947565650
62.0192375572238386917389711
61.4529662108035602691663718
60.9057475184264647139026743
60.5195269375630373628222926
61.8961425089865743152356000
64.8519266561368303618224740
67.5222871006975645690536788
69.3066178364718179268175831
70.2857402065202573197642753
70.6738837603722027069137229
70.6588228287290420954589382
70.3775287352990066900061251
69.9243226289085189219523572
69.3629423709857169454905985
68.7362586659799280658307726
68.0731122978989094351994104
67.3929195607822828753405378
66.7087356736867564023962504
66.0292932395621849470743492
65.3603669224977154600870318
64.7056948002928213684697382
64.0676061486444616524656219
63.4474530843310634527109177
62.8459098596846183885556739
62.2631819525759366844913247
61.6991530750024855148946932
61.1534890902041723532568788
60.6393599470062831204756999
61.0144591819651746210719203
63.4077923235985628019261798
66.1944168956229961071079719
68.2900563292619977635094241
69.5681343512694075815759349
70.1951689920203254170277151
70.3604585285793685735104442
70.2130563975311370440339252
69.8591086186076239823715834
69.3716589590602159057143392
68.8004253453474195597378977
68.1791772656128504732596073
67.5308646683117519541470334
66.8710864302449855804321105
66.2104202621962360263010368
65.5559916426950146589358509
64.9125372812021669466896141
64.2831319353395686823429608
63.6696894851119839855419417
63.0733113064649904562086271
62.4945303756257474954449689
61.9334834985097184710666980
61.3900335409646331084375453
60.8642022411879679363941119
60.6254132619139132313913984
62.1597510162278233899230294
64.8305966052017441659944248
67.1670081423305472507295089
68.7391547736983204539132343
69.6188682941430835130646825
69.9809466990283846208775454
69.9819561527066965570830786
69.7390290465430293595730359
69.3347648917737910197416172
68.8262104271255278201067202
68.2525202658772856650315681
67.6405486580350748838944433
67.0087229511258698190989263
66.3696803033810364575797241
65.7320573706721930553585013
65.1017096470506750265547304
64.4825478648265640872917270
63.8771163064781667187803001
63.2869959538807253724790822
62.7130877482841059382968090
62.1558130560809762622810124
61.6152564463190326097711872
61.0912694296043363547595094
60.6271660353901833585049395
61.2424075820652293953050119
63.5108747647417113004953634
65.9660766989724610841428929
67.8056310809290079556812109
68.9441587194140822116668773
69.5172305510993018156519729
69.6808688900679543299793769
69.5610487136059016653176290
69.2496997796204044086666711
68.8115147127049003432961038
68.2914408802990469571154240
67.7206006321805656060554386
67.1205416460029067471881113
66.5061852820855262694490968
65.8878497807955794668906180
65.2726381264075049064524394
64.6653944354685674000031085
64.0693674970523600520798650
63.4866746560709301605226451
62.9186286194602163527309358
62.3659693833784137519691028
61.8290299309670913718320846
61.3078553112098485157450422
60.8048621019141500916665138
60.7405350488756821571759666
62.3379039288185968214641375
64.7321066218109075162309085
66.7818559718359652743709410
68.1733587158323305006452938
68.9675310711823728801334315
69.3069253400166423321861535
69.3222888836246956612389951
69.1139199836699651172158849
68.7541998097563603873021700
68.2941800595016567134474112
67.7695873567712373272848410
67.2053793380150778181782799
66.6189925764524336850533705
66.0226055135094060343733155
65.4247051146568923523170116
64.8311729295821788360436593
64.2460417657191093402711043
63.6720263993231938017777054
63.1108985082236963653416865
62.5637534680721177644628656
62.0312014986708396866807602
61.5135054618794536315722820
61.0107156259083248946109420
60.6223882406854207824539428
61.4224028565940654282272808
63.5287165123734672524210968
65.6921183467099397280683193
67.3132574834507101718908117
68.3319856632702351405462518
68.8580543001171302330068631
69.0201806021713935320232400
68.9249777951717238597772857
68.6521306640435519417171404
68.2589439066086498837904123
67.7860271331900436058529210
67.2620217346916085441406825
66.7071104713707726353475442
66.1355158892480151820075837
65.5572518724900214315436419
64.9793475058871267759627792
64.4067043063858548014648672
63.8426998002701365391381616
63.2896152604111017555900293
62.7489409167593782012913400
62.2215952134002086581854617
61.7080833209407760649309105
61.2086124729872351332032128
60.7341582825612059027368983
60.8489202202522565926805780
62.4372193591109333745168033
64.5732807131587313861419820
66.3767506709365987399669378
67.6134761747622466959126158
68.3333897166325286015465623
68.6526686311820769742657836
68.6806270544848913496468772
68.5032323458560004113688941
68.1839354093126617911665010
67.7684082448124802125077986
67.2892146062119779402306435
66.7695052442488832880452981
66.2257316289381801700094104
65.6695818466789417726000201
65.1093476740891844932180720
64.5508887507751775325477393
63.9983147311227006451542352
63.4544704646763723031322556
62.9212832350750879096976263
62.4000128895704257166416998
61.8914331587326149680734572
61.3959638744775184482667281
60.9141490043671389825623261
60.6262102942004379059004220
61.5476159876422061394917953
63.4765793191700944231419513
65.3847070632904137876639462
66.8186680286359384472451273
67.7337977206844185098984653
68.2184785300168665049666610
68.3789620500572393551932997
68.3055648081378205353459879
68.0673961828041192820437743
67.7152131580245846622915890
67.2856783684163427711290013
66.8051103160476577093080577
66.2923688520194220040316274
65.7609647913983831956942347
65.2205712730576083455842618
64.6780994354612971958356358
64.1384641354039726308549799
63.6051309763602741254422557
63.0805091594343913087952853
62.5662352950093623642206531
62.0633796943533083246925178
61.5725972035929278215757832
61.0942408512051006878899578
60.6597553851553716860082315
60.9366452078706650636879436
62.4669953772862981863014684
64.3678167411282423732999811
65.9592541676152165069313715
67.0625424581869934148379506
67.7174606588683909280896070
68.0185976919473139391332129
68.0574200568479971059024994
67.9076607034863541302898024
67.6249498942767683300446657
67.2501269040395575293880684
66.8128379738059123919317612
66.3345166697765829462425813
65.8306418963001840470711254
65.3123880912732098264915691
64.7878140794287392742380227
64.2627161034819217478990895
63.7412406010486513559908195
63.2263260805081655200634853
62.7200233987042688596271212
62.2237292215800606235334358
61.7383571805616537302583164
61.2644640509952101783214224
60.8045853440752363736884134
60.6329265629921938056772238
61.6174511078522545440054251
63.3678483406666576713914628
65.0533348627068941040479895
66.3261000669617799809112187
67.1510247256419585186750817
67.5988999058016121412988440
67.7574469175449980163312291
67.7032259743559871660968434
67.4961922604966130627117831
67.1812916131226030741865860
66.7915942634022487105514052
66.3512467468469086747602932
65.8778321609353530335950694
65.3841442882792374919943994
64.8794869810239034422318167
64.3706162850381406808865049
63.8624219942355041551850238
63.3584216012029592794395027
62.8611196968862135336798580
62.3722707746890599020115148
61.8930724370598208809223066
61.4243082044010111119917188
60.9664979550257007148593139
60.5870063405383479955538376
60.9944716962669434274021954
62.4372188342639880678729432
64.1267419639258014459710843
65.5351069658157446903301778
66.5226753649617061799858376
67.1202755500593983066438724
67.4048092460169077527708080
67.4528400428243493648517983
67.3276309229556962588081031
67.0779518613714763452528613
66.7402977569801537780006204
66.3416252671250349545322338
65.9017402935412320737493873
65.4351677997278911641438870
64.9525528576630134710528507
64.4616907245051633106508282
63.9682788390183873389202707
63.4764652751406241654932389
62.9892496527424716266351409
62.5087773612906254591485686
62.0365565239613960816995156
61.5736188063311915450534452
61.1206393831508760298049108
60.6862696494047242390127115
60.6341969024911483842644681
61.6350971096700072535311303
63.2139005162355638938832523
64.7053812271782751249711521
65.8386504128090012240421269
66.5845302205883990279564463
66.9993838288177891959441216
67.1556132393617334717750334
67.1181376215964638116514300
66.9389731905949017134404199
66.6579030183016143713391634
66.3047278124916327183857424
65.9015664563493686696003521
65.4647749357190836265718772
65.0064314688484416485597658
64.5354492162889185859225631
64.0583983705449533749978047
63.5801105758808556390442536
63.1041232875884629511815070
62.6330072915217897862342361
62.1686090557764642028321418
61.7122308864866284828933788
61.2647654959874094706812640
60.8271647787721477714117557
60.5168897260572506823695345
61.0178163590508456315268965
62.3574841399393032176973435
63.8588686777454627114468789
65.1086445718120797944874255
65.9952988774901095327858055
66.5420040228538876282540024
66.8111563275962617600331217
66.8668451201016996561801312
66.7633548597132166358195725
66.5434297188758349059093963
66.2396577430430414533702626
65.8765182293006451649322450
65.4722784133053184301918574
65.0405331824058766224732271
64.5913892889274883214938562
64.1323543236970376028781775
63.6689971520106023118857805
63.2054369644746790387282333
62.7447056348266598773922006
62.2890169370858637361084757
61.8399673339995744274928639
61.3986863875892442832419740
60.9659540282965677961088524
60.5637975420499977433611560
60.6223938357072057730252534
61.6056920001317684103481415
63.0242192346685725568441119
64.3465651945547848377401975
65.3585463522340825277174096
66.0347538389081914201947397
66.4197497910952217349923657
66.5732457226559899677159391
66.5502884833804682776994309
66.3959984931749730252282588
66.1455687545834617455551826
65.8258252190396687952687135
65.4569970985247156173129750
65.0542656659707661327538711
64.6290009413488893923363681
64.1897103895319105126646771
63.7427534290738764594902501
63.2928754086551516482593508
62.8436058378169119780741433
62.3975556967916023658660311
61.9566400253085686905178689
61.5222451938585314723601024
61.0953551393740824285083942
60.6784426860810502209708118
60.4468004579528669937188339
61.0056732322951395667653878
62.2364798398121654686989826
63.5712043532569041357124068
64.6831194135440258206814465
65.4813137831809624897002850
65.9825479602292044813069600
66.2373112775589896862089900
66.2992297004475354858544133
66.2148747536836796539750436
66.0216923798343227472567022
65.7487567991820946390078146
65.4182677714891216081891715
65.0470419099708069926788444
64.6477722701415943121364318
64.2300242762061280357356809
63.8009996258087946948105838
63.3661140139683785683205601
62.9294315395399704199094091
62.4939909578743409154476542
62.0620510468750911176918946
61.6352756646051649095721718
61.2148738267338104303350337
60.8017544772504043399090258
60.4403783748153300288969265
60.5921116737914184129326500
61.5351187903720850360274311
62.8066111454730008973486267
63.9813047115629418050461228
64.8873529298286469012038190
65.5018201725196569819827994
65.8596373936238651875755148
66.0099848912421159153187149
65.9995218002363857337875534
65.8673712886353333707683881
65.6446435291277378233717166
65.3554592684999943019297156
65.0182898150823400025988077
64.6471961440087026647154534
64.2528524813254601599850141
63.8433512597208845554482580
63.4248214886911455791924650
63.0018986234623753951611317
62.5780800722018701392275849
62.1559940322149724263216512
61.7376031123091598832543770
61.3243589969202277997297355
60.9173206332457461941351585
60.5231170185567438791818823
60.3725672256307402852132968
60.9593994993756626473861465
62.0818037323357594069025373
63.2693016694029895218885467
64.2609493140621326693356692
64.9812279917431653853094325
65.4416139011621393608643263
65.6828148981375869995969070
65.7496646276042876292402772
65.6820993201268669189103264
65.5129028587232790536950496
65.2679893971083753631523219
64.9674636050347908276769950
64.6267781002774887252364098
64.2577558951957522934025079
63.8694232250969701526875057
63.4686629001028123690622258
63.0607175493077953594044672
62.6495739524550880207657182
62.2382556375742148821201006
61.8290456299661806395334852
61.4236563241870088389686294
61.0233593921902439001045628
60.6294061410549620201336558
60.3169368523207996737821788
60.5403671941791233781355159
61.4292871924892141633663247
62.5674499867698366172270609
63.6129998929663114036135554
64.4261316828057163105820178
64.9856220620531897100055490
65.3185573746105150275680639
65.4653658202725741780352173
65.4655692312512674514844061
65.3530697789010576323776653
65.1553450606312950191783579
64.8940573545584325304328327
64.5860456579263961707929182
64.2443063674138756568649834
63.8788345354803359726207101
63.4973031828437266542104916
63.1055960116601890293455023
62.7082191357873259956783817
62.3086171823737213179569220
61.9094154259090582368507924
61.5126053221491872496704090
61.1196869341643974080582974
60.7317836621665098563503967
60.3640195385642684104150152
60.2901309154057545623140447
60.8817179976293749834536126
61.8999552389039017932598998
62.9575484020045688831425193
63.8439092238977765421495835
64.4952561779720463874048752
64.9187686221563693763808305
65.1471147622235176884965497
65.2177291483354561457305905
65.1648331150975543056605271
65.0171060647416467391257273
64.7976209499394676199099257
64.5245592614866115962609577
64.2120943832840362429348301
63.8712138320631929484036450
63.5104111825916186922806304
63.1362419767202468451588784
62.7537601168563393845300545
62.3668564825495358892054389
61.9785202969564533193597475
61.5910405448757885657547443
61.2061612832675577472461152
60.8252016428629447593680382
60.4504982024327328625248837
60.1924885296789477061682772
60.4661892550415865443280266
61.2937446179688907441579727
62.3119109918571758071483364
63.2442552459642587438525980
63.9755623504441029073812762
64.4858843178620528291203483
64.7959309898782667179742584
64.9388486267427814865771331
64.9480781671811668956817022
