19.0000000000000006595863985
19.0004255886570728710529726
23.8034387152633687983781275
40.2713109366044479685483316
48.6383748064742487699074768
51.1119840682752359247997971
51.2659430182413808387685886
50.5903585985457268029596808
49.6345141129925517951626775
48.5986141509907523399428051
47.5561401988758173425064042
46.5343373962832612311182363
45.5434619506744869166031892
44.5874512349810007195454940
43.6678028798977518746292946
42.7849716373819965854331673
41.9388713817369968754773892
41.1290649503427684883330537
40.3548511612712603280331682
39.6153204361096871743013177
38.9094008602549627888728764
38.2358997813692259275587860
37.5935411874267363221197780
36.9809982423075355299383538
36.3969206243903558466517791
35.8399568682649523302230259
36.1400457063860397863393758
50.3704368577141507817280863
61.7047194139579040020353133
65.3571611758519713477225654
65.6578532667104828237923056
64.7469981439776924445820838
63.4342133096280076736788874
62.0136456501545704134825022
60.5910035057552047631202294
59.2034954572372317461925910
57.8635217838382242407463933
56.5745971907892001627583645
55.3371034306498862461203002
54.1503183683451550175150408
53.0131011298427807757845178
51.9241102825936699824033179
50.8818723233732469637946201
49.8848098566143755141311274
48.9312632238314583383671814
48.0195132877284264071072720
47.1478051836349800179084232
46.3143712512188467384152893
45.5174516602633036080832972
44.7553119113416148408653183
44.0474978560013779785029271
52.1517582703419173807495293
66.6290123350124705268202771
72.4214479534460335070908609
73.4465744547445287647578733
72.6724111945530463945460198
71.2861148132497815677689054
69.7239215747657092442896538
68.1425207682950223101702298
66.5964943776114212586955770
65.1034644274423897791591467
63.6679450023789717648988056
62.2899914876733751561069874
60.9682527950530067109423555
59.7009874231499100324170796
58.4863639600877880384493670
57.3225292276342353673502607
56.2076140239712143265748263
55.1397309141000021358870633
54.1169776639851219710913822
53.1374468416013900922143453
52.1992389477424995365130402
51.3004764774065853786922060
50.4393171270730754840821328
49.6139970040637070652649425
51.7418718536072416911768407
67.1752173244385897805454115
75.9280969744619866586699346
78.1957319364891977359405293
77.8143514430221415285404116
76.4980922528528029485359562
74.8926372458559943113757940
73.2322113082628795806369959
71.5990224795209385075170963
70.0198488944482490677553897
68.5017028401208129040358645
67.0448814055795301506505513
65.6476256181188392338549650
64.3076927178118029034449215
63.0228240075320401479824573
61.7908428411125977947833775
60.6096470471846465333259189
59.4771842995023122389212885
58.3914351535405691891926906
57.3504069492326840440370960
56.3521357600568424838961409
55.3946928435588603927319678
54.4761928320007291859895373
53.5948018862357670076822512
53.0408208426320613053857106
64.7970263936491530021665519
76.9607492142341721355193391
81.0774752404472904705270331
81.3746237421697035106827400
80.2592837973005079245755706
78.6787979679915419086144073
76.9828706946029491742507350
75.2962501941788859882641811
73.6606560053067076894859158
72.0878033367432964459269335
70.5790395244531265596269726
69.1324701519608413306085233
67.7454260648606939641033499
66.4152304943728548111823608
65.1393766324258083187516247
63.9155239546637619618715925
62.7414558340376118593746782
61.6150423083229907170878910
60.5342170400797400331193904
59.4969666516251824877072843
58.5013283347819089574719720
57.5453920811364841069676627
56.6273049318068350623759946
55.7481410138113725875445583
61.0883169659525992612743182
75.8360838704674223946548077
82.4944393145242600744176206
83.8392139673458087442324058
83.0852333810322434212795805
81.6014497644933913825211968
79.9062833665655175860928986
78.1885269465611486356556151
76.5133644096172750914491055
74.9005465299048827933981112
73.3537395782727082512856493
71.8713678838863257103001110
70.4504755694959084087835964
69.0879926077377890441869723
67.7810705269065118447097162
66.5271122157382502069166080
65.3237217543185342327726609
64.1686492860037357393131178
63.0597506958726581509788676
61.9949632229848198446048736
60.9722930766229539819051886
59.9898107410235416681722133
59.0456505885074466256946120
58.1380142081866176226980037
58.7167575337639617415448918
72.7171449339134410618351150
82.5201938923136513134991324
85.3926874246825433648180023
85.2156193572927881575840630
83.9205825656214835870581237
82.2673088983154409220385230
80.5391070494524072880079051
78.8369849972063309063239784
77.1936836742033788003586647
75.6171430780719153540236013
74.1068508521365593168292524
72.6598255541374848438666803
71.2726773524848841860460688
69.9422216624338918841172428
68.6655899924664506219871307
67.4401898782845777340932210
66.2636377204302408088117557
65.1337023620289808407733359
64.0482665092711949556549333
63.0053034492995185331191554
62.0028645414761992805218642
61.0390734631040552946600635
60.1121242601803926255409722
59.2919481201810143286741500
68.1554438088736370274496756
81.0709386951670369030613770
86.0576356340581326939437035
86.7501432754621746235191227
85.7698725424948809187961415
84.2126178820707495299869129
82.4984857014424456449109817
80.7819165032395622212026020
79.1158626373901261276431372
77.5154695944915072498259061
75.9824565393562790103769937
74.5142623390395859997641835
73.1073310882875702118496178
71.7581817135889468411023305
70.4636730471842056657886099
69.2210031921936176677552976
68.0276413465225407688296522
66.8812587920827112209728265
65.7796766977932792009985164
64.7208314882276162486433542
63.7027538187762746307454314
62.7235567881110563784093687
61.7814298763993482189915231
60.8748910373502998087404956
63.7782033836771755864302269
78.0469144259605732378996140
85.7516441782671130376856736
87.7014538196656529095578043
87.2100922159423311697813082
85.8237293410078128752290358
84.1563938576162300761024640
82.4405819057270650231337906
80.7597863184420299840204090
79.1406522283283275722091261
77.5888984505547916400394041
76.1030968334324183239409855
74.6797987933320332841671714
73.3153201323132793223393477
72.0062695342325176302139960
70.7496329276889798905710266
69.5427227477314427762566913
68.3831032823125609681015720
67.2685270231305523686105414
66.1968889660484725870373259
65.1661966967586072030455783
64.1745520451904156620292924
63.2201404237855527010031841
62.3012249686245879271456421
61.9740316585889457128999408
73.5825790457575892493785189
84.3243928929768531043791626
88.0171523487886478095238727
88.2520896983129738410789936
87.1409450559089705970710644
85.5659239920914667284258239
83.8713029389897697007682358
82.1856240289321333951221265
80.5531946765287264479603629
78.9863357926019242741302987
77.4858409609068789747593078
76.0488140053083860935259840
74.6715401874090587703241867
73.3504372943925900539660865
72.0822932730522561031244533
70.8642618777887092619369219
69.6937942436045434544159274
68.5685682824468552269929990
67.4864333053963369925529974
66.4453713704866451854904788
65.4434720989033871719810462
64.4789170358747358252427091
63.5499702634661501778577703
62.6667007438223670903784742
68.5217100808885471355405910
81.6150841251574200753737549
87.5906554067908826414405324
88.8664409625495066796885230
88.1744184602217924299973950
86.7553766468897901185385286
85.1103993209759415553647229
83.4330819622899537453475796
81.7940767543051164427453190
80.2160518198976583405178647
78.7036324002421078956510406
77.2551606911659041616000529
75.8671769822204050150533835
74.5360210747912382074401588
73.2583228110632528951517873
72.0310876582638495548618203
70.8516532974671675380901909
69.7176198901876472867701568
68.6267880286464995638996787
67.5771122865768831557850951
66.5666693019927167340077754
65.5936369692461701802514934
64.6562813336126078602503195
63.7529642520163270817309515
64.8069146991636204827466317
77.5862950570860788682941208
86.2732154463728414548476851
88.9870311325343341159952574
88.9088585990966484251537543
87.7340550013898471557399363
86.1785302540009513268507460
84.5279512848863799628526412
82.8913318043434292647717365
81.3069737220404557202797406
79.7856556221321117687897414
78.3279763818671696908964049
76.9311745737829666613294010
75.5917009694172103525213175
74.3061043799932306475795422
73.0712707746035654346860781
71.8844332459759395958577772
70.7431156219606552832554756
69.6450690418446247247032330
68.5882197928567093045419503
67.5706313370838908794268174
66.5904784312313090013915394
65.6460301874715082864267356
64.7356392422748230287839925
64.0138663409335633786024536
72.6184170010586353145621956
83.9029180446315040822221525
88.5129298772426547721649854
89.3048676970908458440884189
88.4947682171527498346584411
87.0839442438520159584697578
85.4857252455316402609430803
83.8638140835812809489439306
82.2794784632919284540475327
80.7529305336434728446759289
79.2884962212900024108850820
77.8847720788676789464397609
76.5386143053968048970621802
75.2466200893911123816271630
74.0056110682588128776611896
72.8127380965168818628160788
71.6654570701598140981453610
70.5614726097338675787101537
69.4986838728704606238510002
68.4751420244906537138365014
67.4890198042973001472047505
66.5385908578239216272683826
65.6222161229360358921326727
64.7396048873203786135341149
67.9463855248085634032330859
80.3806056002257100720179234
87.3133525828381853086792732
89.2986857052787348585570254
89.0144056670321493505989039
87.8239165470426282914041234
86.3135304197160109430816751
84.7233729115948049896649655
83.1476719819606687799104339
81.6206256664928840425314094
80.1523640931569414691768157
78.7437944294858546182154989
77.3926167182454221678814081
76.0956780484815929571186592
74.8498276969523906253924621
73.6521757485777329081697751
72.5001286732735728187591451
71.3913529443929747000203000
70.3237247349335615669627156
69.2952854776978547021700384
68.3042080018328625240570346
67.3487725564558134599231958
66.4273505325007059917237883
65.5383943818794099872759743
65.4621379578363783053755554
75.8464097962612110080848996
85.2441707420835131612895344
88.8020270948438524963905345
89.2533878254974958484595422
88.3850406865112547173863397
87.0110084503006967478801060
85.4760576932885704846772373
83.9207546192206381723451682
82.3994961893700744561258862
80.9310975504558600625031763
79.5201205420478928908744467
78.1657411799245231539897978
76.8653557299458666981913985
75.6159834070408735030804408
74.4147614198008528036725858
73.2590794634679428475483227
72.1465819611801119681776943
71.0751305597060459086235715
70.0427619969609520848528421
69.0476527614722278182682796
68.0880926780393309203388052
67.1624663234861051427630378
66.2692403872202846688737148
65.4372561052697870390121089
70.9995503554952854698376520
82.1931895706145324673325278
87.7046218898371445005776054
89.1546797936402212194474194
88.7427724654576836662588705
87.5704946794226167582407295
86.1226897347354415309383278
84.6038045535826551978810904
83.0967739139033909442183369
81.6330280143990187411621756
80.2226439633904735722556749
78.8671633074960192752185314
77.5649614581903243382761084
76.3134375910905360799725014
75.1098597588077852502504173
73.9516528798926469396107045
72.8364660922416899193656330
71.7621609901462008639532042
70.7267781321218876952932856
69.7285033074679886285785567
68.7656401666645197919115632
67.8365900268994127166234418
66.9398377145005648677466561
66.0740360027683553842714212
67.3194373575241075656421154
78.1867138393276152083000637
85.8845443908575526873218885
88.6432916465654897404148548
88.8605427505105929945250681
87.9767032650521958037496150
86.6589905405811713771233940
85.1981658007005385467833894
83.7166946512509840505627499
82.2638996694635223588256994
80.8579067125811675794494518
79.5038504888618026890055834
78.2016881363798226166377390
76.9494987253449340243362833
75.7448327021787683306471505
74.5852281940621952356737429
73.4683802432005189058024200
72.3921730518238254805873173
71.3546642744518908415298780
70.3540574864687146896062092
69.3886761673550542200783563
68.4569430498304775411301698
67.5573650159272517375051901
66.6885225542033043933210094
66.0895276780570061325983309
73.5980350066881572956050977
83.2366359245066701051925510
87.6279176872022643495237437
88.6888155600548913255652467
88.2060778873849983656381434
87.0753826479442449191176232
85.7015495771566535951111061
84.2607711741578495787021009
82.8272351128777148381824922
81.4305135565876899112847402
80.0810007240270026305205130
78.7810634586542639726353678
77.5298786160508135985077994
76.3254936105157779176876085
75.1656721623427056058628888
74.0482155910615807355733647
72.9710643036967114391039222
71.9323127079152779393468563
70.9301944703983494726956418
69.9630612553383079973957942
69.0293633820436941378458909
68.1276346927754951485981097
67.2564815538954404009528071
66.4185632599972478255868840
69.4059379839630777670209469
79.7385362374205598047055127
86.0079551129698676236104705
88.1647005936281353637033333
88.2259807698649243701936518
87.3565481033636891617681110
86.1079163865581945963062870
84.7278768082202960092776351
83.3245330163689499523211677
81.9433920803763142060916141
80.6023361923362918690273077
79.3072609301069400193965842
78.0590118860295137564145549
76.8564301118176067627535822
75.6976622743658415467255766
74.5807015089307359277449930
73.5035924168497288351929520
72.4644942353457916507119466
71.4616880723022348423157847
70.4935652353428554998294467
69.5586117660723867910286232
68.6553946557515760976426613
67.7825511613649765795235651
66.9387861444905063206659474
66.9949961584055926616418036
75.5826985285025158232220245
83.6922775658827261511346025
87.2132442966651631486871268
87.9939754641479942325932957
87.4808303728378238773065214
86.4071868699968344052815006
85.1141804883071346588726723
83.7553380957640833576097238
82.3979392227915952587961523
81.0702923744509954332386388
79.7833123748216683093901286
78.5402810161963528044178722
77.3412354691554888493241673
76.1849208413572608651560731
75.0696402484345811579815877
73.9936091798433436826668170
72.9550907391579622182372133
71.9524373966890196625003706
70.9840955994882261508162668
70.0485977942374695620950553
69.1445519639020164414409155
68.2706323504636920600121471
67.4255723038529696632001983
66.6616965800199874069928859
71.3754610772689836096086067
80.6415818674589839130265946
85.7525467562310119853384529
87.4576430420821654132129507
87.4195979590362350310646514
86.5848266380331143147587467
85.4129618646049210413001287
84.1172091307542353857404096
82.7940800547348212451353912
81.4861288307673930854930313
80.2112481712647196855679990
78.9761731195256811605392364
77.7826744493161105504888033
76.6303856140994193935194407
75.5180797320026529212081879
74.4442339169930210035423461
73.4072682826370757864997272
72.4056390436422479851231564
71.4378684751862110038290876
70.5025493780339987243382110
69.5983406790395603193687439
68.7239611010983586200465018
67.8781834660936871223685717
67.0601909453142907475409911
68.2088087128899067269378737
76.9524347978478856094504634
83.7067630600860420100832036
86.5557294205829276950661726
87.1367623318288052852879493
86.6213634923469087321613361
85.6143317239363073158976638
84.4056029059915557704371155
83.1302555863667782460823875
81.8499785894523573928417967
80.5921824063369001151518827
79.3683857415161770530157187
78.1828009614241746647273082
77.0363340854302669946814498
75.9284414394396752890675643
74.8579830994404816814431304
73.8236073072541997370787345
72.8239171871403434722368869
71.8575381431331917782183804
70.9231414278382506855215748
70.0194495317503922397286157
69.1452349150314237223359374
68.2993169855506336190471047
67.4805594071130216937715793
66.9741535142974996140676694
72.9941112222340773596187265
81.0342675043792612163078512
85.2220875433282427076810855
86.5887822767255432699490683
86.4919283185640307935132303
85.7048881461581715475842734
84.6136890819481643620336914
83.4033512723882315079429969
82.1608474120771951211121552
80.9263543735790806953759683
79.7178932742927495834528896
78.5430391239942062368267886
77.4044731258118080340756576
76.3026149701496435966535104
75.2368676261932395969579238
74.2062012759163417101342682
73.2094227362576547994065739
72.2452961850658173454444360
71.3125946495524444814008425
70.4101201508825286723357104
69.5367103395560629529764425
68.6912398014361574817216747
67.8726196144634810423570184
67.0881805584041949419626861
69.5305110923811172397152162
77.7822451809792758717574055
83.3950620340400179041869315
85.7257363874236160410985441
86.1659718860929443336272350
85.6673539691452798462048788
84.7321127837097309331633946
83.6085756719907088598360226
82.4165708355237379480237180
81.2131341676245870897482956
80.0249818523799062789668889
78.8642357335527340759251476
77.7360019724824200428385036
76.6420272974317555762020998
75.5824657504009362418024352
74.5567316718336488411216533
73.5639094078257411988686222
72.6029479990279551251367231
71.6727520992723455498784801
70.7722233978246121239464538
69.9002789128178277582261219
69.0558588221917571721631428
68.2379297880949605918089142
67.4455098562537953371083744
67.5034915288049992746677094
74.1777272385990680476542734
81.0368834057611065854062726
84.4944835764195611226960379
85.6074143141288255206467491
85.4802698389420736184261346
84.7487287738011550592239100
83.7392991401727462319925421
82.6137352615466929068396816
81.4509978793538939788301981
80.2892581775085123388779873
79.1466896583562377249156529
78.0316541618448474237839545
76.9476923348126528835777377
75.8959772687115416420813538
74.8765249447309101605190643
73.8887922597857496753084946
72.9319721782365780224577379
72.0051389324007542447277036
71.1073191780796194761223924
70.2375268369352794761669691
69.3947803273605313069505393
68.5781113757475858553135025
67.7865698639530721751318614
67.0900067841293355290241596
70.7330810761345474260815783
78.1700417134293847126273287
82.8456740445454592869941682
84.7756592650649011313078551
85.1178655187550025619546269
84.6483451010377105930245585
83.7868657488404990235106174
82.7475692840571320072220478
81.6374767249674867730992315
80.5096361992265394647359539
79.3901620558663064830376680
78.2917223502160325292253944
77.2202448000301291999293995
76.1782629779728379937058836
75.1665954068160846870121388
74.1851926702988191104640901
73.2335667104955014839352734
72.3110092684878706934676527
71.4167036112657719103536570
70.5497822169521721577783418
69.7093571194347310091815559
68.8945364343865497873950233
68.1044338826513700719726991
67.3390958533049248040812652
68.2189933265798556086225270
74.9377610660773426900752598
80.7475274899362715643631338
83.6281959872422200672650452
84.5503102481358663254776678
84.4125378948387289895868668
83.7403986490537778858573650
82.8118130087528373212153676
81.7690842114141124605675669
80.6843047417640491178413568
79.5938702697397712957020160
78.5160688587919505022023338
77.4599612386374704294988016
76.4298722851638757228958952
75.4276769753671850972472664
74.4539726575263480035223707
73.5086848809238903695897980
72.5913830354329250780623463
71.7014463988285362270781323
70.8381526773279151231272849
70.0007262069077182683949060
69.1883650472258257127167552
68.4002569333457965026766776
67.6355903959974504797452264
67.1768086557752793780517739
71.6821163334209573480687009
78.2107126393213291335760731
82.1259821136480829946347936
83.7446669683404051985655946
84.0196368068318389258339893
83.5866311577125873747509759
82.7985767076642720769147075
81.8412261778167119464298257
80.8106789212272210132906700
79.7564676642322302409572646
78.7041240533318882428978284
77.6667703000824624455534142
76.6510610764746166508648180
75.6602458811717470355424265
74.6957606652450562451057846
73.7580630010568434689476512
72.8470749072578568236080305
71.9624204902006341549090991
71.1035554397124859401524909
70.2698390831018299164936139
69.4605756623902952278561398
68.6750389300975542876415925
67.9124875457935763122115741
67.1849764342053979707210556
68.9748295955719605892943161
75.3289909154319288561769180
80.2434984400518749863198689
82.6670702417333611504362881
83.4450388995388646178783498
83.3098150535860992603747931
82.6982064444057591458045603
81.8481004382041763761306782
80.8853385418274211132727976
79.8760114372334080497061585
78.8548742395777425894942295
77.8402538477090123400460128
76.8418014102505200869938166
75.8645359126722250696819730
74.9109703908174281312722307
73.9822415434827550603673808
73.0787169123755111458591499
72.2003256176870903213481975
71.3467414225967681819052850
70.5174861491382324953140129
69.7119896770624514562116504
68.9296259692382982836991448
68.1697356310081006814208675
67.4317134657696610918785945
67.4100347873713206509015667
72.3341201693257989542579653
77.9861919706831279332488605
81.2869465167370253033878674
82.6620970066795785216840263
82.8917868448938492157104280
82.4991843480693970635122363
81.7825961273161555673883260
80.9039576801667943861374269
79.9499206091167210846263689
78.9668405780956119033652474
77.9796401732333965441610486
77.0017842333739272041705254
76.0405473795257744902259526
75.0998138396640085388607491
74.1815808688403552651811706
73.2867758997982452134684432
72.4157068852446479798347885
71.5683145427382831857699324
70.7443164538579726295537296
69.9432914310164378209622620
69.1647304440280718335562162
68.4080685100479479461934079
67.6727055535850182922104816
67.0337419171653244053536970
69.6357429766702904528413563
75.4182530419745824795729801
79.5845182133558384396727421
81.6439601586487883990983178
82.3123161730088957273045226
82.1881064809714971473340575
81.6362082522535559379510617
80.8612315371523324128558092
79.9749269532912335992663177
79.0380505871067707765955247
78.0837904457643754866022417
77.1304160934988758991180227
76.1880507154684771609826878
75.2623095115791830870506355
74.3562724482644720595443211
73.4715667665935058771306639
72.6089693137801330767238137
71.7687471188639637110137302
70.9508536469820140249879439
70.1550445004187281726538221
69.3809475369538243508573858
68.6281067722249763555538248
67.8960108999566834802855698
67.1857864477509549762429921
67.7468604720624660562596089
72.7006258485024617721039238
77.5633065627582536289370033
80.3669343259050036495645335
81.5499234431053792053125300
81.7498037171116178869820474
81.3989911408344774788955709
80.7508096328371717020631506
79.9470227051551624748315005
79.0660041272021977467046567
78.1511795461665442784430992
77.2268107097969644774515097
76.3065854728169303661784398
75.3982864311730055421516949
74.5063462805151990564158638
73.6332621422691038511892201
72.7803890375811297851261954
71.9483920707941737273919788
71.1375088365415399161208396
70.3477049795711020972090852
69.5787687660113067606741790
68.8303702908279395725275369
68.1020997940174129285204258
67.3934976596224560869440504
66.9496462445294911915206801
70.1254413177160592219160090
75.2694599525863874895166376
78.8161865032407038213947271
80.5834429471128096640966447
81.1677032362849269154184272
81.0595864788668942977530323
80.5652489386687783749983689
79.8614106035936294336281532
79.0476363947562966254639536
78.1798726279804448982937494
77.2897762648159167306658967
76.3954553755885465624748252
75.5073846102105160089406973
74.6316750605081867054475053
73.7718990752572684909271162
72.9301216928526572641352658
72.1074924531652543967294464
71.3045908880088259795109483
70.5216322859276681767459402
69.7585931176105109661500566
69.0152895610023787148987216
68.2914281635729897529467486
67.5866396084212870714258285
66.9158584618841531514408312
68.0961450118147850422800100
72.8180862154868793540195765
76.9948804503412559097137526
79.3947294880725739133865152
80.4245731067345671926433667
80.6053787437224141355889479
80.2960071249655782666599422
79.7124643927415869925798144
78.9792814679396311677154116
78.1674991307410526647461335
77.3177993931063912657594380
76.4537200887937480780207647
75.5890524629311190498528176
74.7319755621780608164564975
73.8873831600803716913362727
73.0582084269211752790971793
72.2461887480514582774345727
71.4523145872602426799292351
70.6770979087628597401126225
69.9207361844515029945143190
69.1832150908830663394410787
68.4643746061407758372803812
67.7639528381346282115132124
67.0817757868843786876405970
66.9546850414310938199443154
70.4196505324489674102039075
74.9378615228439412150095431
77.9730583524632768188258194
79.5038529580945890224107359
80.0228545842956296016557121
79.9335054444930214420922129
79.4937116284628676152508063
78.8566414633890751688618586
78.1112265927243157607025622
77.3090270819825068603154931
76.4801844293551798104511855
75.6425416827525752022955169
74.8068076467875686833297152
73.9794904728053341802235861
73.1645798764498634066989330
72.3645242561515184713926279
71.5808070029174667855419579
70.8142924346252070400685407
70.0654376398190198100890502
69.3344251754241207139921041
68.6212483132106740633367597
67.9257673294999074279497750
67.2477479637772992987918623
66.6564694232089807363348234
68.3800931900317578331572204
72.7300360633184367291609091
76.3219108773193518589318564
78.3918513104735326423248824
79.2982745833271473170424177
79.4673037053085708936422006
79.1978558672572381549030344
78.6747685259472853860655030
78.0077375291680303228329506
77.2612480893322648618051084
76.4733858963470458705784300
75.6669001293554187814572789
74.8555712942005049240676141
74.0478676417507380626118431
73.2490584085227841569868280
72.4624488650464934028091017
71.6901123192123213067922407
70.9333311170463155793486181
70.1928673133608107965933052
69.4691323162463594767203853
68.7622957203634453377078124
68.0723569257410995833814592
67.3991935541178716046355530
66.7449215165480201473837321
67.0163622218516395675577875
70.5256953849144995982506567
74.4688185575926282790435086
77.0811789662041029461292302
78.4188068259603098023310670
78.8864471772288022506492996
78.8168625223222463817261960
78.4280698898868823550751155
77.8532139427209694126301336
77.1718760575822993132371975
76.4315816483748599946759963
75.6609633735081061184029545
74.8775020789023524384398726
74.0920303674142723167844802
73.3113588866945805483176522
72.5398214311783768598036794
71.7801953635831300300824767
71.0342582083438974484463307
70.3031300828727437055917349
69.5874884999153530612252851
68.8877060491662854843736989
68.2039407522160486824033197
67.5361968680836516639848611
66.8843783338816803462032355
66.4419694897114428400656162
68.5546050383403160673880317
72.4783225788303319569863751
75.5758584422618968156223641
77.3743207765634657334412210
78.1800677925488224726839674
78.3421423597118399251016644
78.1103503672221975702999120
77.6433358242517095509373802
77.0379373080380279915249472
76.3527364237124811851612473
75.6233457107592891337283352
74.8716655767795104507875199
74.1113607197841168351821249
73.3510882121071211782937232
72.5964109869232398318802999
71.8509440207176670090124109
71.1170502351864032039556716
70.3962697583718508074850786
69.6895895078499700598079470
68.9976159120761851824824070
68.3206880214868397535936452
67.6589533405161894437505222
67.0124199330210433735985632
66.3964320950324990326592609
67.0816882904159222028333836
70.4658622053218765547541560
73.8985055430883645540316788
76.1600904109164433730202032
77.3383495648493459177580425
77.7648792346943716064809816
77.7149121262282706608341349
77.3733024207261329296150545
76.8560673962554418338440877
76.2345134107194026288811864
75.5524316957451693193050676
74.8369512976270446516472751
74.1051035835202148223217344
73.3677438978470656110242988
72.6318969736176188215817152
71.9021707045879444913062540
71.1816183741435275360691239
70.4722721064631722972151459
69.7754784013728177709411516
69.0921131211588345608038444
68.4227220667860442027862611
67.7676149328013494191435933
67.1269295646545210023201693
66.5009401764014420343253165
66.2794098330437321962663219
68.6046220232589147032096610
72.0995661668160997684935009
74.7806850303542805836135063
76.3539987733662188250466139
77.0765644155843947586029067
77.2347388109935447950057733
77.0378882532052888105981818
76.6225219718767081186615935
76.0742707662208654348885152
75.4463695821120156631795595
74.7720668987130603461173740
74.0723626949173706193523981
73.3607119626738189420435735
72.6458687056146850685998916
71.9336130509767899846517814
71.2278100672003477318853450
70.5310671429423504179403646
69.8451483031216337187051320
69.1712398180668808823375342
68.5101237175571225622103503
67.8622934792363596522619894
67.2280328483512015083753199
66.6074713844204263728345045
66.0579454888128621929975570
67.1064364108705615680641419
70.2672391759681939710555263
73.2552725871503990655432462
75.2243866621570300996947920
76.2698181457640948867243825
76.6628001212253504266943464
76.6315500342027585815132011
76.3332094041133359734581714
75.8690673896781508369707268
75.3030684984335770562852195
74.6755336560568194259353002
74.0120968231598600005838948
73.3292644804055777157207027
72.6378242889757941123328538
71.9449339947276484044340066
71.2554100096062530903721356
70.5725308086068905228403382
69.8985445801962943015783670
69.2349950250524030365105933
68.5829341136502042384837527
67.9430636868524420966852058
67.3158316276585950968468507
66.7014985730029797774760811
66.1028244827791546501201857
66.1485596910124796686332817
68.5333980885621384275817540
71.6242714822641755967449868
73.9545392212165616840253995
75.3395977309404460780870258
75.9925238352441808481025436
76.1486059062588056678075416
75.9837551045108596911740662
75.6156827405780409277220354
75.1202017719394734944021966
74.5456844637697104910443029
73.9231167977307774258249585
73.2725571955391743200090818
72.6071692528271531187037328
71.9357214082994919148286388
71.2641406425486175027342201
70.5964861365573024275897534
69.9355665238203305884402191
69.2833367042468266567871025
68.6411570407972870642877686
68.0099656688654619340374943
67.3903952350008342455340580
66.7828535785313470702159394
66.1876032139632684068824293
65.7473174396155037578122590
67.0645318777106182535513894
69.9564391826221804997211325
72.5610940236204457920413129
74.2849047133288168559248835
75.2184941721433945404802622
75.5835148462870439459047399
75.5696105939027941242167330
75.3106569896963978400372435
74.8952195570465092391400916
74.3806660120521002151511878
73.8040842814016665416600425
73.1896277181712136034177946
72.5532152029992668849665711
71.9054875020139287636981167
71.2536622914397098002030803
70.6027040187846488145200357
69.9560686147478717439690113
69.3161834037094604219558660
68.6847608597935157511106632
68.0630070803254924225513170
67.4517627680240802427064314
66.8516003739323774576488714
66.2628923733585744075828498
65.6995084116191619881253207
66.0198184830001417457970270
68.3535185919517867048917240
71.0771355650145407814669498
73.1110987481608394396583980
74.3374462450438061462263066
74.9312914348220006386770915
75.0862241758245136863694009
74.9503596759706888522493598
74.6253748651734167066424018
74.1784472768745079865041805
73.6535134417035741644524071
73.0793949460987809502024754
72.4751788786185114726841638
71.8536682224225560831961634
71.2235731070480937206428870
70.5909036851168970077439523
69.9598614625376894019478742
69.3334155641237024292735520
68.7136800947566553096355102
68.1021649164474139318943749
67.4999450412666618535130905
66.9077770736878272482030014
66.3261807374484935780847342
65.7558427009481228650800423
65.4668395825258911243424197
66.9458915489444816455171194
69.5572712612555304190085519
71.8328749574834099155822574
73.3496314223086471711541798
74.1880987051113824724151838
74.5292945464330612114581648
74.5310973387595648011383783
74.3077682563403190800198726
73.9368370566216664382007910
73.4697769932483117120006954
72.9406605341054646680821439
72.3721820856115250341183691
71.7796229351053436267618716
71.1734089921720311241390385
70.5607530191676038997045065
69.9467125102647346354563918
69.3348765585907184035101928
68.7278167418874079459276132
68.1273870282523983357194605
67.5349262564085894378279089
66.9513970835281787032135486
66.3774829967457914791145003
65.8136587685740590476557684
65.3038624193999849376554729
65.8681646575512216314554245
68.0811081565177865266090439
70.4778075722769005370374911
72.2606180007130383866932046
73.3520676215539183572750666
73.8951335191502480139844066
74.0492733091209546282190423
73.9394178657639457117553364
73.6535140294900461912493199
73.2511184780215451268446653
72.7721134458664069611607026
72.2432530997885763793521129
71.6826347435057166628705521
71.1026437318115249585549682
70.5118688538967971701750757
69.9163466043181929336715789
69.3203735402520068828234208
68.7270413586811503445176607
68.1385934068119116142635011
67.5566654370061514318678091
66.9824506474466490273893794
66.4168146614028695162840621
65.8603769975649156649377395
65.3161432677817746654261129
65.2051826108818005797189204
66.7511072305826894101171235
69.0899963619008779745950669
71.0835467265011642105515202
72.4243920947341405056948776
73.1811685526014540255230025
73.5016158776750938514763172
73.5173631060368359385654738
73.3260736944485977864257976
72.9956731308545711874289828
72.5723388880301184377755242
72.0873302796843833565944370
71.5619118782787477366265020
71.0106895910279363845675675
70.4438174146225243509745276
69.8684465417005893586777059
69.2896781779522542135797526
68.7111939948225616646637525
68.1356772858992468483482505
67.5650976706539863819732632
67.0009061977170282398081492
66.4441710620548646562376943
65.8956735257148886948565007
65.3560117220829768614983423
64.9252968582248990780021709
65.6779570448818608925843389
67.7325980225888791001655399
69.8417453293216504418283212
71.4107360856962226756961344
72.3866184047885496504746523
72.8854941293414146863606768
73.0388122729188316100519761
72.9520976022880676960385976
72.7015002498184898193107516
72.3398332447821441132948391
71.9032688093502751569393823
71.4165906941990146103110549
70.8968987031647285503745582
70.3561151102797995040130619
69.8026537253891320835874964
69.2425273694010258070141415
68.6800850299663652997202579
68.1185061136500385355190184
67.5601352002130310111543355
67.0067115439327632192548913
66.4595285864784177812157312
65.9195464815083120923232799
65.3874727972760506061914977
64.8748032995731346595558736
64.9462592444991990386600863
66.4867002395403114444635498
68.5713558614188571587357137
70.3229511278663843944130854
71.5133730250923563223410099
72.1993432148684764490111917
72.5013462743893820910510268
72.5292514675846513545775791
72.3666306592177915306852829
72.0730270083195307446680931
71.6898517067891834525779405
71.2457409360131147657107284
70.7605656432142106910992650
70.2482299154118669186355061
69.7185690820345583791922589
69.1786240343733366758054065
68.6334959900727362932106699
68.0869224463779385679318724
67.5416684060434299371438235
66.9997949359108732704822823
66.4628458089669402855006236
65.9319790026756617686199021
65.4080607091047314892346986
64.8921146757320356327513615
64.5648547625007102700624190
65.4422433567996077863863464
67.3231439044878087432903546
69.1810153939031909686018174
70.5670963838759421380048981
71.4432214679401635355924160
71.9031925316927970698834436
72.0554200254577742168534581
71.9891336083192915444536969
71.7703181373950443928746440
71.4458064871539168671389748
71.0483740829037437169979084
70.6009316682897196800975162
70.1195836366799659147731263
69.6157544262120542927209536
69.0976381075882722703788981
68.5711804235264150512753909
68.0407448225990591313027722
67.5095667229823404943286890
66.9800660354672454365334163
66.4540645138792458185862076
65.9329388055457414209916392
65.4177296957472465468170281
64.9092239613168933031664273
64.4393240930404866995486683
64.6759993400592019938383914
66.1618396089607279691154856
68.0149307656631046747617141
69.5585391528254472598255163
70.6195182932889127340877944
71.2435842315265570178705775
71.5288877388616172734047095
71.5672082665629739973541742
71.4301187679815801202687597
71.1698291613654089357191544
70.8234557543878092577753016
70.4171912104288852392142076
69.9695554193465626047080685
69.4937344922545443984082738
68.9992078727072436567113683
68.4928649307493166049897644
67.9797686819803570413555271
67.4636795391759424791929722
66.9474168331768445284779608
66.4331106425341665922783337
65.9223791613244854151281048
65.4164551836265148015538876
64.9162775196511194729780805
64.4248000865263996807062867
64.2166634045956126879403371
65.1602773392874361350687436
66.8659961085210450485751349
68.5049819535048094761864756
69.7338202172778363538728646
70.5232195487662698915118448
70.9485754330508430644513766
71.0993057968919220531476993
71.0509187325408705448089852
70.8606175775993033577633440
70.5699233587791320788275305
70.2085013272435372609002048
69.7974869221644932425036059
69.3519998988461584783730851
68.8829418054262764743510065
68.3982504568708134920640745
67.9037674033488942679112284
67.4038371290094625206802550
66.9017225487558263968861293
66.3998951935503883041773219
65.9002398086001237128818977
65.4042002257931148467220558
64.9128846577070205362381703
64.4271870392219472895773956
64.0148733162962049912583379
64.3849952197145074241693740
65.7863592997951622424413020
67.4316060508263772434789406
68.7959165006337781821520234
69.7448314796953476165254965
70.3143431901393745443390570
70.5842886986067824730273661
70.6313698862415042170672102
70.5169164660615411416562697
70.2867103864602139112799545
69.9739949527951648877421092
69.6026896735468945503952812
69.1900113635592798725856137
68.7484211255467663626776019
68.2870139763354314422414338
67.8124935472729542484580901
67.3298516789606523947192138
66.8428425572891794844378106
66.3543151083766639600556989
65.8664478262077912060308520
65.3809162947525918638103837
64.8990140402396173210455374
64.4217409573501172476119282
63.9581116242771821972054239
63.8721966063986281290070736
64.8350777870281466925393113
66.3723753292968368395938290
67.8208753767777424253833381
68.9138686687454447888765972
69.6273686018871442204976475
70.0216345018198270790763121
70.1703957308138582181988349
70.1375769090175257015268813
69.9727789887200355667672210
69.7127989434132015726649060
69.3844552178643557106556430
69.0072055445346553046161142
68.5952032952920227488576002
68.1588107216046370916227619
67.7056804030967004777700672
67.2415184738892855172448923
66.7706213885690429048417903
66.2962541764937631675957968
65.8209184927567426985623807
65.3465441206274577746020658
64.8746271466120415915026156
64.4063307761381158693681913
63.9429275563910208757425973
63.6022288105586104185893135
64.0684779249676688236999428
65.3696833459717131689178725
66.8300331129145041619969786
68.0392666091159088915155210
68.8906054564021897428932055
69.4116906063663307495326125
69.6673311654778401698176508
69.7216332951756966567110530
69.6271627276928935148390737
69.4240580769568445234225203
69.1420687670489210981191771
68.8030029545754669104161162
68.4228267443123707787618482
68.0132771351417052443620172
67.5830439571966702263692771
67.1386173216852137109134799
66.6848898530908227205789303
66.2255839984342868686568450
65.7635561610796382214266846
65.3010145172998707090204074
64.8396763331761611283137318
64.3808827253953288883076241
63.9256873905599031982514736
63.4964312050158482897941965
63.5236276041214855392861054
64.4715985071358377372546744
65.8515930639524313836986128
67.1342503077926353999762188
68.1093190610106413505747100
68.7559854886467855197257876
69.1220972034667141911713269
69.2684010747288151013202388
69.2490216148486758954732689
69.1069663324956427131395141
68.8748271869173677285015414
68.5768184680648133066826641
68.2308171503972252302620370
67.8500347551943381728398939
67.4442854190832801385742017
67.0209143066928319559120708
66.5854663560493607356002486
66.1421650494082334827368622
65.6942551785762666224585572
65.2442492198107945107371118
64.7941056180972027007666457
64.3453589188339845045732802
63.8992157145736046781955067
63.4584218048164413632609545
63.1985742308085629402129650
63.7252445580276232296514195
64.9203173220228235245112740
66.2170451913322574065087206
67.2916775748406485486144198
68.0575976868403420826596368
68.5354148835529498106585195
68.7775987172837432995513034
68.8377117428178297280645006
68.7608069387011770676089441
68.5820622653512118685404274
68.3280750218784464741488277
68.0186956588036165929428686
67.6686952809505836531759473
67.2890944647511910810858372
66.8881639769512317293268533
66.4721584698697802876916648
66.0458478921938687412452142
65.6129008879991617392529307
65.1761617583691754378608326
64.7378514779650470233011403
64.2997146305124568839895523
63.8631277601179458886478911
63.4292283869588901785327810
63.0427464131770856140845262
63.1653425260951850828265012
64.0755284851390696357635901
65.3112729210403850564438952
66.4493496056458633347040326
67.3215764394173192260981061
67.9090609187119530229569204
68.2494970435470647540718463
68.3928719076808663295476991
68.3850028142611804321487845
68.2631703229946494543735889
68.0562211947104932276224010
67.7859894806470220120489810
67.4688671015149913155137338
67.1171533822780209661685911
66.7401120869681491760731151
66.3447648466878577644059513
65.9364745947580811925407415
65.5193707473615221544464251
65.0966583968662011237980867
64.6708436736375583870189218
64.2438988763260008590736869
63.8173843650413502515758095
63.3925396388002629456858548
62.9762242004580458284292198
62.7995202762726275493567348
63.3564478637511541418875098
64.4456672615221565368565810
65.5980115099738882035771703
66.5553944498693840114309408
67.2461641488588780463188704
67.6850983248481201518136426
67.9145295381202223272274616
67.9791791034020817832107320
67.9176493249125176222361326
67.7607534302414937876301259
67.5322453705210073523722354
67.2501636146658236825441390
66.9281423328488338709699568
66.5764990365857670882696166
66.2030775644756183868886130
65.8138804161164348900647951
65.4135356130309838424205540
65.0056391670968429556245335
64.5930061280608930953211150
64.1778551911763479160522658
63.7619452311367528704632686
63.3466770501185440214501883
62.9334905563797943571259486
62.5977554262533842061194378
62.7941444207648026649047529
63.6525768681099992178019889
64.7575979866368921428261369
65.7693911155065898092579907
66.5515355499646119545042011
67.0863458732117425581997495
67.4032278747479105936283856
67.5432394893723198989311236
67.5451447155547403510808113
67.4412437406249690932454022
67.2570465416769910635926894
67.0122137044567877816867378
66.7217459706514326730310657
66.3970641670096653392579907
66.0468850143837783521485171
65.6778958331255470975898592
65.2952612358344101048295046
64.9029990336609845404186200
64.5042578812706488117902420
64.1015224482675706960897996
63.6967656141516271819937129
63.2915620575093671188430545
62.8871787864682462567094305
62.4989325985898152853757264
62.4007860378408060215301882
62.9646016453066802379449345
63.9520350106553740978014184
64.9771303510344118048012094
65.8320139267153300454179951
66.4563617605709905737718106
66.8601754992957153246961028
67.0774577834854551814770028
67.1455052035231351285312754
67.0973737768369379169246721
66.9600336293502946354428919
66.7546747890274322966608602
66.4976616964052003947496797
66.2015510973693628041077603
65.8759754520379140669543286
65.5283489911568196444043928
65.1644100269808854871940176
64.7886292291031847664550236
64.4045141506651892468828704
64.0148357408898751396490928
63.6217970784473140835394446
63.2271596144413189622111038
62.8323382474163318399276376
62.4398228937151765642152611
62.1602450544095484207634241
62.4088454489572328545231826
63.2080865104037556924420830
64.1955480181808656506301689
65.0967925985746956803322585
65.7997050664836689801741805
66.2874177367170229362977438
66.5825858407274027443083528
66.7188496287550045338222702
66.7289761653443699026847782
