19.0000000000000000000000000
19.0000000000000603120878435
19.0000000884733082637159904
19.0001335949800799987307268
19.0063350671792226398184435
19.0564736457331014860553956
19.2174132702090184391704457
19.5292179692702348434777119
19.9831698149021538255290639
20.5519654533339279460725810
21.2370782044185201606065548
22.0579943738072885217215418
23.0080639949638572012487192
24.0502874205348735208983410
25.1529711563855882219373837
26.3208464948331450057442162
27.5660113602501069791054676
28.8737496564362539212727045
30.2101176173730331787701945
31.5594656387229368009770162
32.9361309484679455611924282
34.3482497159895488594647141
35.7776230074347110793221860
37.1974209938023243532822820
38.6061037448768541984622994
40.0216525059625353059581337
41.4473882227370136614947288
42.8640486978721383800805480
44.2543346111292942535082346
45.6272306106352102392633522
46.9989357896274598581055159
48.3663339912291566609892636
49.7099131253587082253164661
51.0212484409613601414207354
52.3145838401984675510850536
53.6018814601696943651371346
54.8753205814150831311222412
56.1183756558611386586885337
57.3315089786381541171387882
58.5302985564811270250656620
59.7206553365973210190290819
60.8908269320315505490415455
62.0284577771172324523705394
63.1401385152550648888198176
64.2398278256088266133038272
65.3282103316818625978885947
66.3925600440259376100586332
67.4267202289130162519726533
68.4412525046971818576324151
69.4463542525850177315031908
70.4376556885268722952007502
71.4029143350125443806734462
72.3413999422433380216840632
73.2647625781577463414839848
74.1790906090814129438264880
75.0770600505411379712440389
75.9495434453669005878512061
76.8008046741991022483640873
77.6414879742146171399491136
78.4730735868458916518137386
79.2863281662308312114616250
80.0756823428418849737535694
80.8482356943117906444152553
81.6123644820026525731891528
82.3660685627664366868382462
83.1005960566769579992879129
83.8148202228822403666724359
84.5171320191678408654651190
85.2126512973083705903953386
85.8963603980683891829389743
86.5608814623177146083893186
87.2083945520213711126228507
87.8469126837017573211860236
88.4785257087077105564993098
89.0969720337938321261782418
89.6978189286259430660965549
90.2858672763732263265645065
90.8675802989203571625639228
91.4419566468349164893233890
92.0023025281322398725420007
92.5469005725623529090986437
93.0816156270591909995565639
93.6108785844367651511223097
94.1316670658954611986636884
94.6385249121353512931501984
95.1326233246999291871362149
95.6198669939044513922260770
96.1022158312522285165667160
96.5751154015051914181663960
97.0346650641932787690621117
97.4838308335555751562749081
97.9276507281247898564493060
98.3660371990444337140559043
98.7942891985378347191610698
99.2108446958246203263154332
99.6198402778022738720200126
100.0248162708624559937952348
100.4237711533931374676715832
100.8123440629639963447320581
101.1907851274465899897639316
101.5633862392256772327126742
101.9320927308408180288233680
102.2939269354058079128247375
102.6459112808434733576305278
102.9899838495914876875101439
103.3299628181430454007339669
103.6660507128690267231046724
103.9946912575207987439931913
104.3142262694605508317434566
104.6274201682627225408315503
104.9371670245718513914851781
105.2424066893829969041759849
105.5400010704694338781591664
105.8299262893898887610122302
106.1153119242450731759079847
106.3978125215589588682967788
106.6753055547519691914225654
106.9452637198855795721721569
107.2087358872804547596230896
107.4686008113262323793980013
107.7253665374965713701688249
107.9766112428504634929941797
108.2210030349566776440514130
108.4604686740999990807017554
108.6972728957778515300544941
108.9307825890433053034088013
109.1585280307748241867632344
109.3801272530384277121404998
109.5977770144913214322452832
109.8129400221691107942273453
110.0243051577942882404222767
110.2300118072343757729494339
110.4307107199354288902942938
110.6285635764115831592391725
110.8240995567966467866057063
111.0155136758343284969919770
111.2015449349000792860313424
111.3834012374449041617319451
111.5628583178698471111612411
111.7396930178175945227291478
111.9121782986611060198905500
112.0799477334367506044952872
112.2445935580037915968598002
112.4073118764457460037402603
112.5671989668113012924036298
112.7227148246339365335551761
112.8740985690454324669574937
113.0229262981900681606535331
113.1697752003420913896053465
113.3134608516217830219643096
113.4530297708745753404753949
113.5893154167310897464420467
113.7236914606288977462148438
113.8560880103743196764675685
113.9851653493978250748055900
114.1104418978502827606623808
114.2329865954726256750594811
114.3537878801378499747150911
114.4723368675506974552738356
114.5875343797522283836488394
114.6995042243600390360453853
114.8094245869032357010245726
114.9178103956652867496576366
115.0237955814838340779981386
115.1265267925393761852469318
115.2264714823606610482786473
115.3246668929634075456094665
115.4211958797812116411796253
115.5151493845633512895121814
115.6061469444455810607596588
115.6949620316222214584814548
115.7823873677413514613849240
115.8680953181080323361476853
115.9511933671551775128520174
116.0316249110909688069980803
116.1102166770661057901562306
116.1874383301785820929385567
116.2627480019453105540386776
116.3355258493561526065603903
116.4060920594251862511782976
116.4752449187890319061695501
116.5431049499712674313562748
116.6089776890176858613328317
116.6724625723517349582569451
116.7340470206436350383133769
116.7943538232567217690990731
116.8532327739450674429443327
116.9100649068113780806587520
116.9647914269256144089835061
117.0180307331133881791082434
117.0701813310838496392271382
117.1208584176565612395880621
117.1695260906944021421512505
117.2163237132331630513100830
117.2618313443872548818148190
117.3062068927118002502175511
117.3489946741937848820532124
117.3898992046366957403080006
117.4292750813246519604231142
117.4676175267660481701856663
117.5048496774215503492110677
117.5404773822273765211734036
117.5743688682665296013334722
117.6069378301078006576888618
117.6385162701110436565418608
117.6688795481580543135940801
117.6976505842858239958277944
117.7249250736373002644449249
117.7511498541096017216826793
117.7764787232532507717028021
117.8005703085118937623166849
117.8231402600353939042902908
117.8443905668028507133193452
117.8646932945566013009134551
117.8840412653325657272327062
117.9021014204997343100047975
117.9187754499215808783093098
117.9343751688270700287937411
117.9491766155043671053906272
117.9630289875593536993871299
117.9756144095475893232003989
117.9869422937296022459828520
117.9973236828804374775693842
118.0069041599943144801481807
118.0154685118022260155902151
118.0228153542602167566241862
118.0290945546829223350263968
118.0346018264069554504170348
118.0393554174526975525834226
118.0430941829246923083161025
118.0456942215829776729581240
118.0473511125559824804825730
118.0482807331385167546538828
118.0484054778568477224815092
118.0475078227654073377645662
118.0455956548117476397772809
118.0429104610856567101978369
118.0395833643004255932861471
118.0354579467296181303263404
118.0303500533575760514024072
118.0243300863879909472038248
118.0176105579974133832875988
118.0102295568744345353022975
118.0020162300658463435665243
117.9928838221610265411808152
117.9829825020242111270906073
117.9724907439043785556404281
117.9613638556041419953410394
117.9494224940844617063384538
117.9366351467153266744837743
117.9231614490088075547020414
117.9091107505571601210630978
117.8943894820654786116338990
117.8788710922198076378531233
117.8626109040475675804114870
117.8457790136439953796517387
117.8284197176050790163058532
117.8104021569181221591958176
117.7916333920296187167482621
117.7721990796912650840532964
117.7522315191508147711800642
117.7317153651638007723719771
117.7105310265082028994798259
117.6886590252827743203780527
117.6662253999216584613678764
117.6433261705261708268411849
117.6198971078344280534460280
117.5958265946658525655924708
117.5711296386963783336408964
117.5459227194609724813628946
117.5202492775016707524138833
117.4940264356630947476744090
117.4671912571084491516781605
117.4398120487783794117740101
117.4119986723143562877672364
117.3837496221144592985952205
117.3549686311153427218799948
117.3256193294136172747844476
117.2957796940819098084681045
117.2655236666948819329813591
117.2348158317751569302381168
117.2035813602193190152414664
117.1718352281834102914961694
117.1396721047024983742499002
117.1071351689513586053549955
117.0741632292918222615259954
117.0406941800106321166478250
117.0067613015896095327748167
116.9724419469208063457826686
116.9377432682466201869794974
116.9026026387425266938724823
116.8669972463930449412867229
116.8309888286297455778148336
116.7946177584923964778325454
116.7577188695847835544902428
116.7197707709326811013858412
116.6798381902154675682534156
116.6366073155509766343076854
116.5884833029166546911208302
116.5337141724071705063062243
