19.0000000000000000000000000
19.0000000000000301560439217
19.0000000442366541318579952
19.0000667974900399993653634
19.0031675335896113199092218
19.0282368228665507430276978
19.1087066351045092195852229
19.2646089846351174217388560
19.4915849074510769127645320
19.7759827266669639730362905
20.1185391022092600803032774
20.5289971869036442608607709
21.0040319974819286006243596
21.5251437102674367604491705
22.0764855781927941109686919
22.6604232474165725028721081
23.2830056801250534895527338
23.9368748282181269606363522
24.6050588086865165893850973
25.2797328193614684004885081
25.9680654742339727805962142
26.6741248579947744297323571
27.3888115037173555396610929
28.0987104969011621766411410
28.8030518724384270992311496
29.5108262529812676529790668
30.2236941113685068307473645
30.9320243489360691900402740
31.6271673055646471267541172
32.3136153053176051196316761
32.9994678948137299290527579
33.6831669956145783304946318
34.3549565626793541126582330
35.0106242204806800707103676
35.6572919200992337755425268
36.3009407300848471825685672
36.9376602907075415655611206
37.5591878279305693293442669
38.1657544893190770585693942
38.7651492782405635125328309
39.3603276682986605095145410
39.9454134660157752745207728
40.5142288885586162261852697
41.0700692576275324444099088
41.6199139128044133066519136
42.1641051658409312989442974
42.6962800220129688050293166
43.2133601144565081259863267
43.7206262523485909288162076
44.2231771262925088657515955
44.7188278442634361476003751
45.2014571675062721903367231
45.6706999711216690108420317
46.1323812890788731707419924
46.5895453045407064719132440
47.0385300252705689856220194
47.4747717226834502939256031
47.9004023370995511241820436
48.3207439871073085699745567
48.7365367934229458259068694
49.1431640831154156057308125
49.5378411714209424868767847
49.9241178471558953222076276
50.3061822410013262865945764
50.6830342813832183434191231
51.0502980283384789996439565
51.4074101114411201833362179
51.7585660095839204327325596
52.1063256486541852951976694
52.4481801990341945914694871
52.7804407311588573041946593
53.1041972760106855563114254
53.4234563418508786605930119
53.7392628543538552782496549
54.0484860168969160630891209
54.3489094643129715330482774
54.6429336381866131632822533
54.9337901494601785812819614
55.2209783234174582446616945
55.5011512640661199362710003
55.7734502862811764545493219
56.0408078135295954997782819
56.3054392922183825755611549
56.5658335329477305993318442
56.8192624560676756465750992
57.0663116623499645935681074
57.3099334969522256961130385
57.5511079156261142582833580
57.7875577007525957090831980
58.0173325320966393845310558
58.2419154167777875781374541
58.4638253640623949282246530
58.6830185995222168570279522
58.8971445992689173595805350
59.1054223479123101631577166
59.3099201389011369360099564
59.5124081354312279968976174
59.7118855766965687338357916
59.9061720314819981723660290
60.0953925637232949948819656
60.2816931196128386163559924
60.4660463654204090143266862
60.6469634677029039564123687
60.8229556404217366788152639
60.9949919247957438437550720
61.1649814090715227003669834
61.3330253564345133615523362
61.4973456287603993719965957
61.6571131347302754158717283
61.8137100841313612704157752
61.9685835122859256957425891
62.1212033446914984520879925
62.2700005352347169390795832
62.4149631446949443805061150
62.5576559621225094140190392
62.6989062607794794341483894
62.8376527773759515704463415
62.9726318599427535894798393
63.1043679436401886170987428
63.2343004056630754382298224
63.3626832687482856850844124
63.4883056214252317464970898
63.6105015174783388220257065
63.7302343370499995403508778
63.8486364478889257650272470
63.9653912945216526517044006
64.0792640153874120933816172
64.1900636265192138560702499
64.2988885072456607161226416
64.4064700110845553971136726
64.5121525788971441202111383
64.6150059036171878864747169
64.7153553599677144451471469
64.8142817882057915796195862
64.9120497783983233933028531
65.0077568379171642484959886
65.1007724674500396430156712
65.1917006187224520808659726
65.2814291589349235555806206
65.3698465089087972613645739
65.4560891493305530099452750
65.5399738667183753022476436
65.6222967790018957984299002
65.7036559382228730018701301
65.7835994834056506462018148
65.8613574123169682667775881
65.9370492845227162334787469
66.0114631490950340803267666
66.0848876001710456948026732
66.1567304258108915109821548
66.2265148854372876702376974
66.2946577083655448732210233
66.3618457303144488731074219
66.4280440051871598382337842
66.4925826746989125374027951
66.5552209489251413803311904
66.6164932977363128375297406
66.6768939400689249873575456
66.7361684337753487276369177
66.7937671898761141918244197
66.8497521121800195180226927
66.9047122934516178505122863
66.9589051978326433748288183
67.0118977907419170389990694
67.0632633962696880926234660
67.1132357411803305241393236
67.1623334464817037728047332
67.2105979398906058205898127
67.2575746922816756447560907
67.3030734722227905303798294
67.3474810158111107292407275
67.3911936838706757306924620
67.4340476590540161680738427
67.4755966835775887564260087
67.5158124555454844034990401
67.5551083385330528950781153
67.5937191650892910464692783
67.6313740009726552770193389
67.6677629246780763032801951
67.7030460297125931255891488
67.7376224593945159530847750
67.7715524749856337156781375
67.8044888445088429306664159
67.8362312861758674791284726
67.8670235103218175191566885
67.8971769116283608845495365
67.9266163869725337214721664
67.9550324534056890403293759
67.9823957134628072044917530
68.0090153665566940895541217
68.0350906655419248196135691
68.0604292088282806197940311
68.0847630453472010710756252
68.1081618566165815256550415
68.1309156721936274409074095
68.1531034463559001251087756
68.1744973370968924410266062
68.1949496023183478701540003
68.2146375406623259802115571
68.2338087633830240850928332
68.2524248387107751746055339
68.2702386911136882605867018
68.2871844341332648006667361
68.3034689150539003288444309
68.3192581350555218282709304
68.3344397740790271567970400
68.3488252921429119979138972
68.3624625368186501322224624
68.3755749270548008608413396
68.3882393616266253858514010
68.4002851542559468811583425
68.4115701300176969521451454
68.4221952834014253566596726
68.4323466472783006504567276
68.4420206326662828636163531
68.4510507102498671550023987
68.4593877249607904391546549
68.4671875844135350143968706
68.4745883077521835526953136
68.4815144937796768496935649
68.4878072047737946616001994
68.4934711468648011229914260
68.4986618414402187387846921
68.5034520799971572400740904
68.5077342559011130077951075
68.5114076771301083783120932
68.5145472773414611675131984
68.5173009132034777252085174
68.5196777087263487762917114
68.5215470914623461541580513
68.5228471107914888364790619
68.5236755562779912402412865
68.5241403665692583773269414
68.5242027389284238612407547
68.5237539113827036688822831
68.5227978274058738198886405
68.5214552305428283550989185
68.5197916821502127966430735
68.5177289733648090651631702
68.5151750266787880257012036
68.5121650431939954736019124
68.5088052789987066916437994
68.5051147784372172676511488
68.5010081150329231717832622
68.4964419110805132705904076
68.4914912510121055635453037
68.4862453719521892778202140
68.4806819278020709976705196
68.4747112470422308531692268
68.4683175733576633372418871
68.4615807245044037773510207
68.4545553752785800605315488
68.4471947410327393058169496
68.4394355461099038189265617
68.4313054520237837902057435
68.4228895068219976898258694
68.4142098588025395081529265
68.4052010784590610795979088
68.3958166960148093583741311
68.3860995398456325420266482
68.3761157595754073855900320
68.3658576825819003861859886
68.3552655132541014497399129
68.3443295126413871601890263
68.3331126999608292306839382
68.3216630852630854134205924
68.3099485539172140267230140
68.2979132973329262827962354
68.2855648193481891668204482
68.2729613597304862406814473
68.2601246387508353762069416
68.2470132178315473738372046
68.2335956285542245758390802
68.2199060243891897058870051
68.2059993361571781438836182
68.1918748110572296492976103
68.1774843155576713609399974
68.1628096647068086373922238
68.1478898470409549042340523
68.1327618333474409664906796
68.1174079158875784651190585
68.1017906801096595076207332
68.0859176140917051457480847
68.0698360523512491871249501
68.0535675844756793026774977
68.0370816146459111307629977
68.0203470900053160583239125
68.0033806507948047663874084
67.9862209734604031728913343
67.9688716341233100934897487
67.9513013193712633469362411
67.9334986231965224706433614
67.9154944143148727889074168
67.8973088792461982389162726
67.8788594347923917772451214
67.8598853854663405506929206
67.8399190951077337841267078
67.8183036577754883171538428
67.7942416514583273455604151
67.7668570862035852531531121
