19.0000000000000000000000000
19.0000000000000301560439217
19.0000000442366541318579952
19.0000667974900399993653634
19.0031675335896113199092218
19.0282368228665507430276978
19.1087066351050705276097558
19.2646089883000813560894005
19.4915853310494399380327038
19.7759909549564911805993028
20.1186013099275035135656593
20.5292660805853580985525207
21.0048444381168589313370194
21.5270700125944563412206924
22.0803413008673154209484213
22.6672691554639704501333594
23.2941542150776994070550897
23.9538892836352226821914354
24.6297272521393083921796428
25.3140266665132458411976881
26.0141106367928356467321409
26.7341893988956120196078143
27.4652874971560149486966690
28.1940768804211059470327097
28.9198347840016802850070235
29.6515788397519366808175572
30.3909897509094035871508568
31.1284416398011330117840041
31.8552627507795114971151982
32.5759042978112844019785684
33.2984256348832715992162685
34.0212333316032994512114616
34.7345257296606556898081107
35.4340245339234798411724551
36.1267769788161323785850607
36.8186960064760241005105061
37.5058073662748075635270170
38.1797747483577848320100894
38.8407449299650263807181632
39.4964273385605424345135146
40.1497116781558946954280264
40.7946596378957854224049008
41.4250207772194654474280494
42.0440102211529767036595222
42.6585339439370457592153791
43.2688711381755499787929532
43.8685944778429301988455358
44.4545526900519797960481699
45.0319549537536220454225500
45.6058415621449953109958173
46.1739786557294993599075046
46.7301913710865249595653193
47.2740524724685874554092378
47.8113274869105468177738087
48.3450114353866967587512728
48.8713966671483786302060249
49.3858672052991312421176379
49.8904998318639012334696942
50.3905707482591937319997318
50.8867854342291150390515476
51.3744927106570382575091279
51.8508652345989809994297514
52.3194082748206273362337645
52.7842733023296098102543989
53.2444296917011892293543588
53.6954671669467811935769011
54.1367825577957683419362519
54.5725360054389503666702185
55.0052627726655634341047208
55.4324333107935442251239792
55.8503318213500481317505017
56.2600164859978404685068533
56.6654662949521995621921649
57.0677055770493886878778552
57.4635822668041988461819807
57.8508527412682389226278670
58.2318904001410773661067391
58.6099082711697951949540587
58.9843934833644187645200132
59.3519838143218191220296339
59.7117989781614215324914056
60.0667505547132768782893903
60.4190393626034054215025358
60.7671415724386475230156950
61.1083115847692551858945772
61.4431146970049037497113081
61.7744883450821171255824060
62.1034048580239693463234433
62.4275794382583365972508514
62.7450483215338999671596701
63.0572789293389922305384480
63.3667791186684431646302273
63.6734976391780732274482454
63.9750736471042672663650711
64.2707115381448541392923227
64.5624672306583040935785855
64.8521052806918850793611368
65.1386219845108427126366076
65.4198297428847417629885625
65.6958425220004894277788222
65.9687973078282126480053110
66.2396620208829445339791553
66.5069424648950032668596728
66.7691401438298946875944406
67.0272139123821718740343444
67.2830678981265469730034326
67.5368026977983688110943508
67.7866375174487246872259613
68.0317361296620819017130771
68.2734734983972389853243156
68.5132931371237095031889187
68.7506626695709784923498256
68.9840073555078050082138250
69.2133072736363869173942772
69.4401223907353185340017882
69.6652799764664930880034445
69.8877189949062384319260699
70.1061720756918897928896274
70.3211580754717912359521267
70.5341133186736405722161392
70.7452911073450926733369954
70.9534779032960339335493529
71.1580020453547759426202556
71.3598222696896249167714844
71.5600706745348478094804054
71.7584324075847573814389396
71.9536716360283713274814962
72.1455935529849859924599648
72.3352937386792150060754791
72.5235033841312595213332833
72.7095663918956782596076854
72.8925489350926558268346793
73.0727722283715274941575334
73.2513162135783647960842513
73.4284475671228549383996722
73.6032647870115014988251270
73.7751353331805336458048112
73.9446607190013866557459577
74.1127286272035814851257387
74.2792281245642531345335533
74.4432940996246850643827245
74.6047400118052897172624404
74.7643604964857678620190283
74.9227553514700511681088892
75.0794748528051398581972775
75.2337486064177397099618529
75.3856943301848449486460452
75.5360996587308118655530463
75.6852542880172649129907377
75.8325659092020528307724207
75.9775555321717645951213862
76.1206381017830673533583807
76.2625015002275107726733194
76.4031133264883878366555573
76.5418046741757577871436166
76.6783337239887376316675931
76.8132343567959601389034762
76.9470018578041287993438083
77.0793826694691173711641974
77.2098260999001714851435934
77.3383923302175017455488615
77.4656707492981119164889951
77.5919212035148008718664719
77.7167125266662398727546704
77.8396179285779131831188678
77.9608705697154088937137133
78.0809898561777548852015312
78.2000185846276347689548324
78.3175021599632979739589598
78.4332490135429590232128408
78.5476455913624040404132744
78.6610901193724990827412851
78.7734210975534020438913952
78.8841930241900084457901560
78.9933772821276155729841268
79.1013877015258162723374261
79.2084605684818909176212338
79.3143256770622562250965000
79.4186723623262138736907520
79.5216601166845988877209030
79.6236892957911634697479477
79.7248225035484623848498678
79.8247139566127733836822860
79.9231634855175652718934451
80.0204150528725979049326442
80.1167813347877987678702774
80.2121884457999612419499639
80.3063268184419460013162745
80.3991664345655255917173317
80.4910170983646313989631441
80.5820801147824497992604513
80.6721649606215351230736229
80.7610043029344676082235371
80.8486680310353193647048465
80.9354471763412582460511546
81.0214221047318082686101433
81.1063654835988206665840332
81.1901291672470728754562166
81.2728906162233217493344434
81.3548990266428837926340451
81.4361179889840690898679448
81.5163015214444277807670944
81.5953840687120201150154727
81.6735732162673498645419129
81.7510363397166349695147438
81.8276620676580051143698860
81.9032618157043224053130247
81.9778833667169240180729498
82.0517512176550404160914753
82.1249441821248879737593978
82.1972930240915304859158679
82.2686561410574078755919216
82.3391350965737204145249956
82.4089171221563036881079033
82.4779998244039605172610619
82.5462170274454315391883073
82.6135194931120367542586018
82.6800637693454814994359588
82.7459895064283339377508882
82.8112229396626282916256800
82.8756059897359567558887315
82.9391438867140953653819455
83.0019931299227004333042308
83.0642277719133579941208651
83.1257409086726392558296976
83.1864319049406144343510650
83.2463760323888101952061701
83.3057224108416373494431353
83.3644818087743643990024009
83.4225247696793483779526046
83.4797899333310350078264878
83.5363758756974180579613187
83.5923917259155912254833934
83.6477996285084601408989002
83.7024911059166845363451638
83.7564702941046799922245302
83.8098588341027501476821496
83.8627237906002094795433425
83.9149882444514104916215547
83.9665608465870579606776287
84.0174774656338126201614173
84.0678454027264326578573116
84.1176847698355906838603627
84.1669106694926503825654748
84.2154799117947717999376447
84.2634681802283742850386395
84.3109659780487903962286521
84.3579523110944247390395202
84.4043383949681519882742921
84.4501091062577514403783903
84.4953451465340559326463383
84.5401022660423738505050584
84.5843344146648678848793160
84.6279786003652050442355948
84.6710628879384759750242001
84.7136733190508819654659823
84.7558333454971655743001362
84.7974785572383986041740256
84.8385631528945077540117170
84.8791307118836905282201210
84.9192483870642762848863914
84.9589093738283832436122937
84.9980543064637909572001597
85.0366737623089399366666728
85.0748315005131116507362166
85.1125766994370423661756419
85.1498783373145833236016042
85.1866813499977391784622484
85.2229939114452957274780698
85.2588751528448487860196416
85.2943477152442322894284616
85.3293707398023890464246164
85.3639130792883878648331301
85.3980094300633506387831721
85.4317157064407943948983145
85.4650322494939621774397082
85.4979117527791161299527656
85.5303366753465754171913115
85.5623467827431217437835039
85.5939799496575611191011366
85.6252191667482514018832233
85.6560274068717711989380919
85.6864125782796402078348848
85.7164228041100929962061506
85.7460807014685939475798933
85.7753565618373771870540100
85.8042199925267237731805596
85.8326883197620496259658978
85.8608010604411884461156873
85.8885625581143981951866972
85.9159419799011402373744991
85.9429282904243031330594354
85.9695529752483260361443061
85.9958371333615347961376499
86.0216990884483305914553853
86.0468788428252412755410424
86.0709093891817190330250141
86.0931345454725283884867532
86.1127573863332682162361320
86.1289011586854580491918084
