19.0000000000000000000000000
19.0000000000000948466469606
19.0000001443849810876127760
19.0002258402883575006447998
19.0110725773935337691728950
19.1012302137661772568325539
19.3969275911308427723876655
19.9793118318949006707006906
20.8379112084582175632005964
21.9227895526841419761377952
23.2342141481825564291979436
24.8088820938691797618946029
26.6374205949771153623772952
28.6520479827466985377687271
30.7907563312439654740895460
33.0586953695392573516946028
35.4786348176407975433978799
38.0249715356123112879643980
40.6339601122510739319180225
43.2728027238790989301213018
45.9658884760852513901748118
48.7295383356469266089208923
51.5312267590143082771678888
54.3196116483586967842206783
57.0885385725706940362519441
59.8706710834498024468844872
62.6738808692226201829992547
65.4631655465966465201935234
68.2044226592228689321047469
70.9120220900623576710090555
73.6165693587827647239391360
76.3140108100511368097294828
78.9681815612894408650151641
81.5612383237672573107678704
84.1183189152324623825116049
86.6628390258621802577604418
89.1817053990054724441389341
91.6436503281886353020167348
94.0475523067869239037212951
96.4220600885226207642502931
98.7796520147572155628136021
101.0994016731928166318154456
103.3572287120332564789213859
105.5638277141813420788691909
107.7455522680254757845114733
109.9051252399260280454686746
112.0192367520086122736398032
114.0750796125234939449859194
116.0914110558488559841963947
118.0881011817866386357692148
120.0582143197894063560262569
121.9787490911802680015387922
123.8469720858048858542969335
125.6842627110798996360854342
127.5030417935486878505699866
129.2904988141332456447064695
131.0289965922598173076235959
132.7253901008235445666457143
134.3997514475210007839059763
136.0559282562750038482931651
137.6770959656279409905246798
139.2519595600806863897189384
140.7930227253235143512572433
142.3164680307056082480856702
143.8194973350704815452257595
145.2857608453155913302078141
146.7122206948272010676776975
148.1142576349936619390710927
149.5021875204009346198198161
150.8673170202196536741789030
152.1954886104467571785722890
153.4899438147723843723092031
154.7657123261205267576927275
156.0274797968872973394011318
157.2639195959570615433940055
158.4661634455632521094596764
159.6426298124663254136449228
160.8057574866933356801274223
161.9543768002563066566831256
163.0760248346965661098932765
164.1668168563251966478240407
165.2374316353347678471074497
166.2966566188532576436592933
167.3393733023001824229975944
168.3551694144463622962889157
169.3456474205078003679126428
170.3218606857420901900251377
171.2880386706543079105088351
172.2359733180571469092981508
173.1579676701656064337367190
174.0591223482177434673551994
174.9490651282614768661132118
175.8281492137149970988277157
176.6876643772800354575577914
177.5242295984716288982705871
178.3453606939012587614731635
179.1580319160398035468412143
179.9589063445092788310363171
180.7397000103357484098743520
181.5004369768825607339663006
182.2491042702653417128247391
182.9897357873932321117507058
183.7170144231679912594467549
184.4251109294224058333118006
185.1173283157426846046555561
185.8009440092095259134207020
186.4767197621518799948784298
187.1380851724196739235335760
187.7816052288150793434813013
188.4122537566632373869609948
189.0356735730353153390958577
189.6501890223219579266162394
190.2498659791971080570975068
190.8343498375596237583069759
191.4094557150129419686771626
191.9785649283665199167982658
192.5379069058295426961736129
193.0825752000190062729663364
193.6142760075472439720324097
194.1384624579770116305834578
194.6563613773996706123801888
195.1635229045590029379017669
195.6572309511240647169294673
196.1409439361356455141113362
196.6190601123048150663115470
197.0906284670212806376563683
197.5509954085886656563644941
197.9992126038536144036448839
198.4393339821841852766721308
198.8742920623244547919865218
199.3017916733903216279327149
199.7182402903701006562039021
200.1246733956399716352540538
200.5251791354108494284955998
200.9209526406108695490621713
201.3086879370992437175902937
201.6858636200915263171772591
202.0546134816629894777336206
202.4183597690681760563779702
202.7768581703911010568378692
203.1268686933965390348053644
203.4675446286184917279923405
203.8018214890267465568651113
204.1320798755516295899480133
204.4567529019899630190251960
204.7728842198727011960299998
205.0807775244891620365781402
205.3833954931349944013621936
205.6819633283529887920502352
205.9743270933141641484889446
206.2585956424015116653542781
206.5362373478576244200336728
206.8098935047474780604697793
207.0795650872379711953748372
207.3427467867142030909052350
207.5984163550610719317148084
207.8485268245026595066813948
208.0950226203864650795195593
208.3370468399908001504246115
208.5724985432296805515122191
208.8015087337252284559416243
209.0262904489752587784339756
209.2479156374614581319910057
209.4648161827886303808168706
209.6753185685919838049432197
209.8802204458182684541980846
210.0815033268423114288263705
210.2794181627286950117204913
210.4722730204445968877308938
210.6592737147581869424009871
210.8418331512289667440216035
211.0215045506821480058520221
211.1977496852637421925772064
211.3688702144435575706327943
211.5346811494065333312723839
211.6967249142691331617297021
211.8559554369310001021259273
212.0114018294841881648594118
212.1618547712925762436720641
212.3078589232896574959469729
212.4509376258591049276620068
212.5913898149987081347677234
212.7279273647754980793787891
212.8597391620816101282629451
212.9877035639532694312020178
213.1130306516292158049731835
213.2354954886323826031274174
213.3539248952022949367771738
213.4681543068988881887967442
213.5793376772070762478116891
213.6882773803589921293564834
213.7942890971132150959439949
213.8963351506716541044974888
213.9946308667287756818228685
214.0902762873460605858640354
214.1836192014753442595710351
214.2738192033360111083780872
214.3602822818502089241910706
214.4436481841639197719906353
214.5248771324399340562959702
214.6038696046459127859327174
214.6796926543150070872327547
214.7520570811982765963683997
214.8217283354338747258792681
214.8893658059152018622331463
214.9545772063355795076088292
215.0166352024713720409503478
215.0756873006228630050307375
215.1325808541664516784852297
215.1876441209713601128516128
215.2402503031559078903876268
215.2898368358700516986890187
215.3367594848113163599196422
215.3817347257361259456270383
215.4247815470608003519684426
215.4652736520800104155460373
215.5029981380532162245473400
215.5385327767605850582794483
215.5724233731905979247439134
215.6044109816872849707453210
215.6338859714236502877780574
215.6608398902338958311730796
215.6858586368630494340514002
215.7092427316428669769768006
215.7306000578923152564112531
215.7495338470975393201262405
215.7663092518953630104003655
215.7814953056007928889192008
215.7951520029213560681483956
215.8067902640216313768935663
215.8161558003332578583353308
215.8236067099111440026255553
215.8295659135095125894343503
215.8339057822042317939224544
215.8362105143509823514681864
215.8364770761660335468608496
215.8351608411658429508482434
215.8325292567656433053879658
215.8282993669106940750402525
215.8221120470415790324127659
215.8140851911663860212243370
215.8046251254134065457460176
215.7938215297622230583007707
215.7813558639481118709438879
215.7670508022641178061389442
215.7511822656829729815404119
215.7340991429673382891447778
215.7157324590609879064663884
215.6957411034599164950430877
215.6740515712427934402184793
215.6509624820404177137405725
215.6266933180640823525457032
215.6010768363545275542093533
215.5738669589846603932193160
215.5451578679032995210646470
215.5152749365904540607404190
215.4843159538377518528168280
215.4520381909931975529518225
215.4182562696507589321832048
215.3831246223458201296616646
215.3469000057160232216604159
215.3095644148678401755872952
215.2708911027998386794768568
215.2308338599312568045353297
215.1896290649015960822719856
215.1474683368310182241695737
215.1042385737680399157469877
215.0597243879143141753904081
215.0139455929990820461610378
214.9671235332647515395846939
214.9193497864459735838727857
214.8704714858951398827266837
214.8203633370220148783495933
214.7691494429129435069937465
214.7170428821025630906916618
214.6640498750133156262577127
214.6099888346351872174771992
214.5547838401983314863983439
214.4985796032133534304141749
214.4415222217999869796933010
214.3835507953046747693288889
214.3245212625254509273656766
214.2644561670434976228791251
214.2035357119901109059285414
214.1418491994063049547050976
214.0792846652193273575312752
214.0157202729744646238486111
213.9512143802735661421039913
213.8859160558844295275074173
213.8198450605901585771504987
213.7528836539821715674069282
213.6849839536736849318412169
213.6162611453275148592952809
213.5467975907133932055202074
213.4762882892735546913521867
213.4037431226269886551866234
213.3273657746297194958859327
213.2446139314038459372529983
213.1523834322811150019692770
213.0472473600191863341609110
