19.0000000000000004566540513
19.0384697886633611052588569
341.8950148093045027884785400
191.9872637985720812867947895
135.1236058616492728539108233
106.2008187902616579750106789
262.4729335556669653232213674
313.9152534159092670625123299
211.9332840966455222051293369
164.2911410797321075000379828
136.4492517061220994590035291
444.4532438385065057092415465
291.3638633489824187816166655
217.3853187295825800839613765
177.7161193088954017094812439
153.7332150531070833363351656
385.5242408556407415632944961
273.1313810045468402116269008
217.4434601942256409310945295
184.2799212426074825744768583
341.5397419076993991145271088
341.1960866502614968438412614
260.7950105876171828888655696
216.5000421646513069207341934
188.0594412286029783382156611
402.1281983497545304868996505
309.8665555729409094106602019
250.3838350786129319880906781
214.3672817274320080456788759
197.4966000792611966334190313
365.5017237679018448392453441
289.2313395120848553889190263
242.6714837937392239642572066
212.3812178410185331360325039
336.4699539537853890285692184
331.7031892065173193512462341
273.2201954321562662298191679
235.8278114003903287613015366
210.0337304746705206125314477
358.7164072511515506598996717
307.6415668197720321867805290
261.5490189825395270101234137
230.4238434853061567633210778
230.3283547205067958815177972
338.2264218547882751972384987
288.8723929233214280715059698
251.7864257336806708180040348
225.4736664505444721142100662
309.0998089229175976018433834
316.4704631576284898292003568
274.9649385259682439126543903
244.1484368889573541569571847
221.5925667162023030750543633
325.0779850065589228349031438
297.9257895755647683512783650
263.4624137891540735096177972
237.4472416529060155494279849
242.4670679570709105770091233
314.2049373351774845039364613
283.4242822069522018655585952
254.3962141403314000805463030
231.9371120168634853642068281
289.7469375628557045205614721
299.9148465504803074946844962
271.2764898553109196014415678
246.5447665861882354536049455
227.7212352165831025416960866
298.9905982727543584506645102
286.8162846546862475368520974
261.5041110933615573742252488
240.0588134489944310435910000
247.4070951093624054055928238
294.0116436854148291621775990
275.2678537454724170399490186
253.0413731696323354555029905
234.2606521560481500107012112
272.1111316256844640878163247
284.7889777116627264058129536
265.5607464709163717396579359
245.9711966770164879432390241
231.3354484582041423761227829
279.9923210288755840465053194
275.3150686538561291559906654
257.0445270407246835335973458
239.6709594240418701432389857
244.2097396204343416459862198
277.1485625859077421071099110
266.5462228193962420305962654
249.7814271375051198994764572
234.2645248609709261622018527
260.0586754913845490782347111
271.3320582816564263225644040
258.5853552205776868215521204
243.2887880895812276954855728
231.8674946822193994688949732
264.4971223000471795606454792
264.4457278177615983091484139
251.5422238674897340667772670
237.6246318433202646370072126
240.9021256691916553923234197
263.5275639068908118139312370
257.6886416723984494008026442
245.1737440509797075281917212
232.5372726594253749599074157
249.1416282731722533456889373
259.3801706119826987823322374
251.2980518136872564088497114
239.5094378668932622177529065
230.9717103601790039792392621
252.7658303227743816259700022
254.4445823530851216830709776
245.3793922859974375661959216
234.3333282541693104578402666
235.5446737657763408644053811
251.7735357104988996014212638
249.1294036878718913792242104
239.9522557758944422390067001
229.8460564958075848089583699
240.9277438025117827719783147
249.0927300409593647712953051
243.9789739724324614887584514
234.9451447412005348128804593
228.1174836879015010636561786
242.5374424841395681178842074
245.2007774677543848337783170
239.0214298466114027863933395
230.3571555406476286483885330
230.8117345428838077329843889
242.1145463785559414153366448
241.0942550589269574085514451
234.3685420937328247134758253
226.3373622448480328461120896
233.1603104513682231521374027
239.8117007335246153782374476
236.8159868618715049411685694
229.9948185633308278012318816
224.7553317707760193935660555
234.3040248097677107928919145
236.9248883197027744144676206
232.6857268219412844548385328
225.9093846113726628037284064
225.4350117466074454691517074
233.4399930056068522997851545
233.4839619319176843131336718
228.6607729900114669133310944
222.4080109658900601325407400
226.7384125316928214744650768
231.7741977431209065495557443
230.0105771636399215063304785
224.8486515868131864440814824
220.5581826849332385051899704
226.7496837640913760836329580
229.2384687370372727588287307
226.4459062897410761533436192
221.2186519562134162981710583
220.5256958529182237939143246
226.0609640703899934743291294
226.4985403101833967928844969
223.0068416954151992061182785
218.0959120619269838186127018
220.5156040154822950929969288
224.3667874319691600911600617
223.4715560372745016580732559
219.6282662184329603221271279
216.2790929279314977849265007
220.2986911390132415574826717
222.3530978062350869657341496
220.4748958844428340673013023
216.4293782729371404123781403
215.4157974280966969735694565
219.2242888526826266239986945
219.8917673337078931646968501
217.4249555387636828752464584
213.6475896757641815517608404
215.0187638521216374323330018
217.8246939904022008243095229
217.3720141519571399228689896
214.4811540344236634413981380
211.7202120632743259357920509
214.2021345308907009345284146
215.8934758798909885057964260
214.6906959032467236204809606
211.6075759415790474698892787
210.6261843442772048061339013
213.1969691119186681698026569
213.8405068759099246826855432
212.0603711711867301059057347
209.0982520547610494597688197
209.6595440098879250659624032
211.6897539696357190717739748
211.5386598212766662621276462
209.3989895503188722080019250
207.2287258354669628786483766
208.7551090959783840974336849
210.0424146577434450202220840
209.2377191556228542981691337
206.8615219677176510394630182
205.8257526298624710849484421
207.5032906856110386872057933
208.0970320184044670458332528
206.8409428484173075955002939
204.5672794874591054858620260
204.7349586627637843845968158
206.1507201748375499192477419
206.1153813339003605031736698
204.5016732227111186042889947
202.7099144141004057727909863
203.5385266097616664614637805
204.5036103160179788860403589
203.9877393071538185122468711
202.1830187297105982599044579
201.2623817549751144627423032
202.3340127493747226828351425
202.8040117878377200380111976
201.8851875263602223233490173
200.0935443175300229023769444
199.9448246566666447336465201
200.8966192454099935135972952
200.9293905970930081335483514
199.7274571491848814773142823
198.3100504179590090266627029
198.7349817570824154433134038
199.4166616978416037752793393
199.0564852255285834536193100
197.6580559804232096118045476
196.7805361405231871475957664
197.4014901430755724420285491
197.7598975507579519776903409
197.0950910444231166299619002
195.7110034208041941841571087
195.4461282612680193717480924
196.0606146551416586139323894
196.0922520477121895300698035
195.1713759245231300248503549
193.9965920466774014626183301
194.1149180336307088781609853
194.5706320475840641953701200
194.3184667633841630236778181
193.2464104490957218171422866
192.4904191921616523257412452
192.8271351792085803412536866
193.0701403241549298880132538
192.5632537490674704792973938
191.4596265900498292506275076
191.0896082171856884535509919
191.4434505073916227540751796
191.4612548977004321644431566
190.7581298281449263470339391
189.8181322012177254467259575
189.7806200796072865402742686
190.0623233452221045401923681
189.8611368955039836231466629
189.0158017073972474097130470
188.3254154658955520790518183
188.4430583940860505491628008
188.5866468723084548062329173
188.1958113622833606884031261
187.3289583251861735150815029
186.9498921782769898229094430
187.1301520807934187348711618
187.1170439683124527103102444
186.5600506620068512559801502
185.7733860561162725083467203
185.6100198153773049502085633
185.7507130256072327644907542
185.5801692491005704497599310
184.9156680189857514320473407
184.3253416933622164430827028
184.3188955934726445517517974
184.3814538195796687611319841
184.0613573115492521999528082
183.3559142802641241117327098
182.9564826467935438502283290
182.9983666036416085762986180
182.9524942851849925648107069
182.5068532859801018334291396
181.8652643217318438774630348
181.6536480550386678043027502
181.6973172046673438363191163
181.5377519524473986819858136
180.9975165431314824472482846
180.4669061715572763825005385
180.3599542002936098172054259
180.3523736422596987841876166
180.0817792945767935311832573
179.5118852314773400915966455
179.1377925963029125184875530
179.0971844486811247780068629
179.0220174819683346637035383
178.6459148891534615390530233
177.8951826307189515116076877
176.7984289892480313584680474
175.4189328059291309675096972
173.8232799154263203267199003
172.0700377348379201042248212
170.2071389475728212438646887
168.2725003702938422610581368
166.2955849061328156463558904
164.2990418962991232482376715
162.3001447265721313823058509
