19.0000000000000009513461972
19.0738790944453169660994176
673.3404401113078338043823573
416.7744030117506839430826182
306.3843930749850286805598344
244.2869428132754271249161913
523.6218751736987394894253119
683.5691882646684348066277352
496.1296787850243059769907371
396.5000394628899747390725726
333.1819692366717962136381412
928.275318927215973951992707
674.2237105756508926132129569
529.5611507911023224368606612
442.5138515557633202260536156
385.4410674125100232804801426
858.791320986096046344957005
659.0726697881046100825021768
543.7677331875492701149726999
468.1030930499907268498496135
754.256462783007063486758930
798.727843205511407018503317
646.9507426871202223031277565
551.0112021185619733018161106
484.1632736772400478142864106
903.498995668087445886183362
753.310209444723308567721412
633.8656853780048607657622650
552.6983482220653939156497397
507.9130610217579518954445228
856.671104577592096865615456
721.3042433187974585214251556
623.0194998133636379477868335
552.6088915582046040061830470
782.683203080232272983895590
806.398120080163623069535771
694.4433976888483182235416397
611.9092359742877973460972851
550.2679530877060122473674103
844.985714508736544089311260
767.156102930510548483481867
673.4645806805373766247099802
602.3428350315913470833896300
590.1536636493832010065476691
821.329335614319527702091411
734.219307155973756410794058
654.7211411435377872690614705
592.7199568494585036301565576
748.538470400769884197579863
787.621896695690543609416023
707.9434811760905788275209570
639.1519530483335490295326186
584.6012529644945260324899819
793.001429995166877483392540
755.825222289222607580029195
684.9414822878593927437984986
624.7670257435996416813081544
624.0757566393493597832542518
781.462574433620345588989799
728.505631722108658595790114
665.7233973759027184037217251
612.3252010902426742843214080
721.0464942227855402233761984
759.358610683635477850784841
704.1842109880869219803764449
648.3485939628443316900907472
602.0998269238385222614552532
747.259962862346152620552353
735.624274811361257363565716
683.3222118692200079754109855
633.3114927781543548720149918
639.1306912475793088377246197
744.289578564251422469393189
713.0337031038800833560814174
664.4768091847730170667082306
619.4182940309873495206099146
690.5564326375573048929656768
729.256346315059462680146312
692.5150912994529406159449036
647.9681072795761858829201079
611.0653025523758976379226641
711.7353699809769813970050839
711.6783255653709067417150034
673.6744539823230066599444604
632.7966249653179327403916717
634.7368281558321968476976067
709.8680784247347168306212154
693.5765636128889588684730233
656.7580366310340255847189337
619.2800785755754507975975093
668.0493921821928788524185092
700.4431262590665124413278769
676.2441367678335205366289321
641.1580776918130435406840625
611.7046517747384174619118059
679.8338066980210103525640552
686.8077717917034205120122139
659.9791117631023789789453887
627.0299834457966593639277611
628.0283670325682145328097951
680.4128084449339031587922616
672.4698086897449556175471432
644.7788784818453811084413578
614.0119963734515495664584236
645.1087903743963659538106784
672.8691096464189227971880762
657.8997559808721475679991448
630.7120870184624205477362205
608.0852906497265701893077677
654.1803373812285367955947137
662.8082095946295571979374378
643.9078418701168200578147366
617.5599573096730032760353969
615.5154460627534684945575326
653.1571547034210424673717043
650.8809150506911069197723678
630.5098826601741246984069505
605.7164532716178536631671731
626.4256872433737505035292678
648.0910134200522085172850471
638.8415574160427330839340676
617.8522718486902991857604798
599.5753260548693901803621616
630.1531755834920863605644244
639.4970633368724262832779859
626.6792834800081815324447548
605.9000318928834249135151629
603.3314072523577906743263681
629.7195581031900308882328877
630.0001388789001164679374786
614.9778995573732977377881057
595.1030037534911971873200780
607.4678419184617940033983553
624.6512406861485587989811944
619.5537394484394449612906741
603.6283455797522784173543727
589.4047322779248379044649785
609.7696943015665354595366173
617.9973643425682841549250867
609.2073645950466062648860202
592.8402157985001385341163288
589.0392602491463772954209688
607.6534149330988668566525631
609.5898796940443436308503355
598.7900838866427769311655072
583.1798013731715321872400290
590.8286922630035473348477068
603.6933162212973057717056211
600.8910749506706979651815221
588.7520041960740424840701329
577.1038615177056256282658684
590.1946488528244644742183987
597.4027540006861287946939530
591.6650538975382677492007505
578.9662613975817239095020540
575.3284001742334210615709452
588.2027897034143848415031252
590.4824801930012629619379096
582.6130943343097038983491246
570.2511902295966391773060128
574.1144050099325774956737769
583.7783266666009532276185152
582.6082941067608586117278809
573.5205695866554505646460497
564.3726382108731640707744862
572.8167252830103430832943841
578.5494189140901195055532168
574.6948510994020845304127815
564.7915661689215696486300615
560.8825627206410989380873314
569.6435058198349353838517201
572.0543892366492137386684001
566.4721065281951573907932872
556.8815287755325972093062662
558.7902259124945572550132702
565.7636413708737146483992821
565.3360398410035574180131239
558.4432336356139459271411162
550.9195614153211396158818897
555.9699395879177560614959749
560.5136008128082757514080254
558.0661311996233368566336820
550.4640792605766794358278719
546.9922032750743088601655451
552.8567623156747161630417954
554.9302500172033669265841816
550.8632040329690992324987057
543.2854240948721647222327090
543.5973903521643969950754787
548.5491123970187402905215676
548.6181924217896764221629280
543.4762183370902480881204108
537.5392653329395938641764913
540.5327800945785233004683791
543.9139799093422581642089150
542.2645632046328638874355970
536.3529581100194501525921196
533.0020512913822939371329878
536.7295351500950851144626209
538.4778131942664985534540450
535.5792346397391789366092432
529.7122279245096624944808186
529.3392484104322224741155172
532.7405386340592715345689716
532.9289224443544209841210739
529.0075725163798054470777461
524.1120870010217400864975503
525.5551092357161053277586302
528.0123351878485578962184311
526.9433822579153216170720651
522.4104479175567645702528940
519.5270087545364315169421908
521.8379470724311820140907663
523.1553165382743642690142583
520.9986623446868219046408828
516.3395178581806042925974022
515.3669359273227076704030868
517.5810992367137271863307099
517.8148934200244378886701048
514.8573934013964498698016939
510.9678019980018288843583431
511.5534015831840549717736409
513.2431910339505471524598469
512.4669999469193843625449625
508.9159011071101077703226968
506.2667760721069324488958103
507.5002470190549306339833888
508.4459117550191915466694721
506.8511173027444101629535411
503.2168829142993247104533087
502.0946917283665464065627547
503.4701231306160630904965779
503.6215010383140716173104014
501.3199885386287763253068639
498.0931218720789055490174303
498.0025139999883517514865484
499.0769626060361970615507337
498.4989786346363501091173063
495.7418409730832732749357906
493.4890615517136189780471926
494.0650759607284855090040462
494.6694762865048565299669817
493.4192135856604738357290173
490.4957487169233420213566404
489.2015935241716718608364886
489.9185851445045201539792472
489.9742033186174208773475870
488.1836436156087845740533571
485.5863628184355997863763326
485.1815908708058598515945175
485.8001756695916776535708205
485.3029789782636245632315597
483.0995701890713964391542597
481.0756265922212565880375683
481.1318149999613953371205321
481.4447146517764853109530460
480.4468284166628964901139188
478.1242882283318827338749837
476.8782834093025330202219758
477.1707833908394626150890485
477.1126542835241257880630863
475.6654211498049735626155792
473.4847523805266633572155536
472.8114159399772164490373611
473.0568250944222030396739073
472.5999092904823924515879220
470.8399804809739844634293732
469.1158375237638476353533101
468.8932282038205001786445796
468.9819875259457047479822101
468.1368231309824063326442195
466.2275109042425232113253021
464.9772429689944135882823293
464.9248779967202674293795361
464.7551911171761572079334174
463.5698565982933744401517457
461.7778001845344088468733450
461.0247532281737616122993152
461.0226790957427079187576517
460.5715753560382829654900404
459.1187934090488785698780125
457.5792096443114999641549474
457.1229410014395971780866383
457.0171981788497540960646503
456.2767461180964368578244241
454.7143741002353016366501372
453.5657650655045643406434733
453.3171711491014614502192104
453.0587397818626410356456056
452.0389488846547804407306195
450.0053741420898081349383718
447.0002206216702450877972776
443.1788469177252847172014404
438.7179981323797520739940577
433.7792563939891679729765713
428.4983064747463009989411522
422.9846166500219848327693586
417.3246644702730627505740054
411.5859211053143520507180091
405.8205744116773966308759831
