19.0000000000000004566540513
19.0384697886633611052588569
341.8950148093045027884784567
191.9872637985720811866438845
135.1236058616487300906494791
106.2008187900815196856445155
262.4729335444291224637888336
313.9152531782593672941634233
211.9332816804867722146369483
164.2911263644404155394119429
136.4491897245239363548224076
444.4530449399842127736195975
291.3633432337966516692317184
217.3841553937391106910579585
177.7138125891624679615622521
153.7290508861938721425775762
385.5172614868710254833846355
273.1203639224071595330341879
217.4269083614423025123846504
184.2560639246288865215426968
341.5065427975203365653861108
341.1512570188758927092901227
260.7360276171980274826620730
216.4241725475217389234676019
187.9637677909800605605743322
402.0096467153392744345583092
309.7219200249736572717784819
250.2098047555404158429079565
214.1604673754818133711840429
197.2535594954650529095708333
365.2189842054409031743550929
288.9054175440663308255859520
242.2989041820119858888632716
211.9585314390590332170060803
335.9937531399438237557506062
331.1701202174763925641485612
272.6269689003583427705165041
235.1712124776726942565945669
209.3106280894128277167869534
357.9237611398012330600363948
306.7764322922671890829231183
260.6085508434776436247701253
229.4052999322641470175410721
229.2291003916651790195376008
337.0439290641255582335736324
287.6042416417362263297128008
250.4303036922681526193128079
224.0273696130615297310946362
307.5612412462879588545531318
314.8376350020807538246371432
273.2359645191746708966838641
242.3215342711924837063550858
219.6660539135689932173039641
323.0502794213833904634695764
295.7954044758945437142408138
261.2279553168288741350104081
235.1074066099302859567978886
240.0206417452740224901903069
311.6507911636250583158584889
280.7613697637478435940687775
251.6235686593849274141209124
229.0538439638862602511662247
286.7522321691564442997951532
296.8079606716995421898152408
268.0567487089255935756724806
243.2115611711019363436693378
224.2740202743216304264574438
295.4288899666990440925339817
283.1396577132441904822675442
257.7121960648162260571968909
236.1512945767068587082147851
243.3837084239786163901608187
289.8721746587482024185864323
271.0121346228738651176697907
248.6692806982111298079162013
229.7721059435828919615305149
267.5060925557230408287248933
280.0674459175622265203191229
260.7227591663534627344385930
241.0168264237563227489076895
226.2648018238075906809984298
274.8055370556944464460109641
270.0123169374981322640005062
251.6260059077741201003187379
234.1368946473211465883307220
238.5603834097389784663166337
271.3841923111097111265577557
260.6671394492626127956982641
243.7879538798646737539170952
228.1570062126000981608881318
253.8374763156743185444604965
264.9975625483966758483677103
252.1379646268772098470697371
236.7289210346205280570363436
225.1955856124332651755203635
257.7136209812824188770668842
257.5510983042358892773910728
244.5369434658305483387381756
230.5091904021893633397431778
233.6770250412935574687698504
256.1933171975845073382662040
250.2457722589046600621781432
237.6227847550450452513847544
224.8787652775852091430427758
241.3761231966387220205760686
251.5082262137215797946127502
243.3202336966201442099944630
231.4263183036269109699360258
222.7838679645751458514787097
244.4738496494091216311427992
246.0490532546218804440416109
236.8809092586416099913344276
225.7324900549519848560317912
226.8420832190552055933534985
242.9697993950770150423303711
240.2251314332885691380454646
230.9480602144335308480126043
220.7425528317743998294233213
231.7255496255399737031351672
239.7924649516034505429008668
234.5812590918922146754241424
225.4506023754612417304998453
218.5267372111850028324802063
232.8511162168842878270587763
235.4194963799975909026596574
229.1458192130046785089152457
220.3878407502355604884533281
220.7493410219730871323095121
231.9596994105014344373159706
230.8475794489644248042555065
224.0306618754868367065265642
215.9089005793807233661558653
222.6418896059433071378342205
229.2039419440694379890915368
226.1195100900457414726553923
219.2102423280318655312518043
213.8832731118641833290099934
223.3450992318367876169361396
225.8797095937405438554374227
221.5549067447393528237520464
214.6935328966308751433213154
214.1347360393522255572674093
222.0558988525670915496672803
222.0166526356081279732659433
217.1108494644685615620082487
210.7760717045880861919281920
215.0250536164473979140383244
219.9800127546839135117484182
218.1361570048292973287225438
212.8945843666046189567049836
208.5250537293157030875141355
214.6380756465159656240227474
217.0489612158800884675056202
214.1790761978533404821198343
208.8750731607748876231437313
208.1059392867805637300556449
213.5655977184996410925558833
213.9281290996736290491891376
210.3619473853028167061897309
205.3770932337416941038937993
207.7234161251681706892863387
211.5017828097156998989600042
210.5342838181887633703093694
206.6192722972167987393642279
203.1989199872340644640169023
207.1478786792857063314828349
209.1321820965923353531317992
207.1844098722426496792319132
203.0698515539005040778117832
201.9877562936186063049106082
205.7282563278986161622187052
206.3282631499635048171608726
203.7944960924368097314243773
199.9506880432513646810413112
201.2559298364697173589811734
203.9964341194176490067082378
203.4788316174389911078499680
200.5235486507124314886335992
197.6986802968644622320960939
200.1171695542317860778811016
201.7455675793787054315026625
200.4803308514348168179642164
197.3352373991148166383468916
196.2923523052046232373010699
198.8021203321675609362632093
199.3851148450221100090929832
197.5449060710317654624226140
194.5231807690784466287022632
195.0253301765721820440832036
196.9968580132863603956923235
196.7875389441483288088721972
194.5900977272804709564656151
192.3625138487581514743414984
193.8320245778809245656885974
195.0629020912068640707053784
194.2022198430752825047488439
191.7704740252644375045678536
190.6795910277560990261367901
192.3024472929055594823202635
192.8419356129731950633914175
191.5320191123798939836693150
189.2049510295109852366774615
189.3196450623965309050644528
190.6828380040565254115281404
190.5953441418152313999023322
188.9298915223196753005542233
187.0867957073879564852892014
187.8644754334386169245422916
188.7790282667187515688367214
188.2130250431348904461186764
186.3585679836254100242042174
185.3885873718874015210175520
186.4112647202899581546850580
186.8326972510721157442515397
185.8656907547810528661637407
184.0262467299136724328057030
183.8301048568238171125257366
184.7348530562987514571052576
184.7209510715339164384907388
183.4727145779497868095036434
182.0093723585922357319901956
182.3887330708363567202397640
183.0252045650984003386164307
182.6201791392118644761336788
181.1772577482309477776065914
180.2555999137108563386427902
180.8327674528656640193039929
181.1477373277026940026411810
180.4398396264890318685910240
179.0130045736071289174111578
178.7057232123713562475452623
179.2781421187214289193978157
179.2680482268446201658352577
178.3057745097482114141417297
177.0899242342528854144095364
177.1675125588623751148577260
177.5828152102244452603287495
177.2905624388307659669718939
176.1787401027076691999329456
175.3833019077175278841634734
175.6808876875892614902805518
175.8850770144090153202205486
175.3396866679602059080210141
174.1978654520509206927689725
173.7899604314663428086645386
174.1062212056220637854284980
174.0867469494981793400405980
173.3466438526618567700338452
172.3699665891153271099171813
172.2960710213761141821511379
172.5416848489607267380951137
172.3047007904076956545086992
171.4238576488736222235110979
170.6982509552193060626260507
170.7809588051284409478253518
170.8898954705991226510297566
170.4646893165295620387361760
169.5637447238467950989194069
169.1508640546902707866801515
169.2975844346872561745148013
169.2512097742941210683488930
168.6612208731806474271543161
167.8418296171941295134634495
167.6460036858293033589119994
167.7545022006272946114739322
167.5520267725777363190959980
166.8558549965882680310209055
166.2341173132786187021458421
166.1965171487332103921361973
166.2281767210298724553220236
165.8774350925227512433505011
165.1415986050474885623622508
164.7120233289855757046572756
164.7240116269818933898045495
164.6484898183033644380490463
164.1734436939192106364059623
163.5026921824404559619485965
163.2621541802615636125347078
163.2771406559317016072080349
163.0891300481787323883198051
162.5206848647060300783664767
161.9620985768868221348805869
161.8274028427675134735609275
161.7923089866980808242988020
161.4944301285870276692632281
160.8974786786615362733112727
160.4965541344494105512445519
160.4293379269561477302887587
160.3277851307515496480050002
159.9255173256194001393341095
159.1488388685709669920447175
158.0263564546897733861606802
156.6213473537611955530272735
155.0003958409236469836310375
153.2220677849002751846983290
151.3342943359487627463787526
149.3749907952747371083497387
147.3736185692744108705427229
145.3528255412065658428709158
143.3298837561183247844511722
