19.0000000000000004566540513
19.0384697886633611052588569
341.8950148093045027884784567
191.9872637985720811866438845
135.1236058616487300906494791
106.2008187900839306928664968
262.4729339175187261751901938
313.9153000786508653315907947
211.9339117337080922424122363
164.2942839989936860715395222
136.4585955657549099251855154
444.4736520395167353431103490
291.4005636069886599263923779
217.4437588651852381307929372
177.8023154481780668502130124
153.8535954530762287610299948
385.6849529335110325398782486
273.3378311378239241036768930
217.7006917234042087284413646
184.5930294570148894665354831
341.9135710646138109649662462
341.6345996492267106104886496
261.3011930421704118346515041
217.0765009342219307364878044
188.7086882163012033928411481
402.8522753917285309225612789
310.6666191680587774260097138
251.2604883851564086037056905
215.3212080494217130749616284
198.5285328827871950083429658
366.6118948173278529360793713
290.4192167477063285350311229
243.9362843677656406005874089
213.7223631652421347138635841
337.8868373766530057705426540
333.1946845309840503788080313
274.7847563521792141591944848
237.4641190592086768629672340
211.7408492349549475726650983
360.4932944255508090829787578
309.4866361344005332993034885
263.4604608949057274404026402
232.4001732117815476154957984
232.3683355048682514049890072
340.3285551252447642254463998
291.0347874796818477974617273
254.0073725263513290497559389
227.7519711607807460987916882
311.4344191678136044717281734
318.8599284720603502661475946
277.4075080317221485426533137
246.6426372751886775218699450
224.1373028252555924685765370
327.6720817345307231871165912
300.5676781753908067716509320
266.1505628216083612264829461
240.1806342427132463788586671
245.2449918119453074752631340
317.0264157726245360486840605
286.2879524522355632855665970
257.3008586045429221190195332
234.8819319993034112770150110
292.7312023880088001795386584
302.9374615597034898245615526
274.3362327191501461833842853
249.6408477418471202793098820
230.8532759175637648220815499
302.1580993261624453040591497
290.0183182502817018818209571
264.7397300275911068559180155
243.3274656233355029138303277
250.7084193528448503272450977
297.3449896188347264923806167
278.6323055202736296041040566
256.4363129491371153743976082
237.6859283971536888510775685
275.5666215482855743376144215
288.2741478916561458470318292
269.0748837518576667942038854
249.5139063492227545311593672
234.9066190146785221258718337
283.5916623015339111865495098
278.9419409767453745017408491
260.6984248925270512831183627
243.3518464894090896071539393
247.9177485670158949504665159
280.8834905333528076730613989
270.3075591561737053462357455
253.5688615971179240964989005
238.0780834805640885924670025
263.8983333994461064928141541
275.1974213062257717904933126
262.4759955548283769734498474
247.2046972043387205433411006
235.8089490767431644447797953
268.4641799295891177875437340
268.4380631316188642711483662
255.5595683437409312823629305
241.6670607656414832032902627
244.9697885837021667859277223
267.6202819582402284496363486
261.8060562770779152744421358
249.3158187014838637745129730
236.7043349264359333821381880
253.3339256877781826790137240
263.5975529566494194339420965
255.5402785027614977590074707
243.7765723902194375946648234
235.2639959229610190996083512
257.0832691461819707444017538
258.7868942078960700287494271
249.7464874774790936328766252
238.7255143284242706285559609
239.9623175441407734390929431
256.2166511802094599436135634
253.5977860349721872055481604
244.4459220625513340474344113
234.3652762488967835054094203
245.4726594768279945878970528
253.6631553488620879049284802
248.5747667445334010980098807
239.5665436493178315587783003
232.7649088072097989521755897
247.2110526847828497876486082
249.9004236323719604559458954
243.7470717296902417724334763
235.1090371476644666480020331
235.5900922603019969758694508
246.9192996587958706823570447
245.9252291372646022469700128
239.2258798058113018765996112
231.2214788163951618248257484
238.0714796106370054038956003
244.7498511463479938650636747
241.7810298042418477022126844
234.9869373827820419420293223
229.7748088886124102406435936
239.3508863503456034046151140
241.9989577326143464273333000
237.7870447641424307564997799
231.0383146098078309483367755
230.5919033205774076873737466
238.6248682126516545219701702
238.6967066111497047259123934
233.9014917719119494376100626
227.6769876484832772633445696
232.0357672412647881158991923
237.0997850297429084126356267
235.3643472114012211529473125
230.2308831265117956566006231
225.9692573756199404420066937
232.1897203502092801192450529
234.7073580967235617792998644
231.9436726892173011175394206
226.7455435151953556495746982
226.0819019565126538052984068
231.6463971695565735475033422
232.1130856730787721396947997
228.6506753750798294709826855
223.7694050842393375724825846
226.2189607370304257060249690
230.0999342879548993244389200
229.2344496894833056509952760
225.4210928188578652810870636
222.1020788665836517462643874
226.1518215160402899952291118
228.2362266164849199568848826
226.3880940723555570834459590
222.3729693404552528172671061
221.3900476346005762143490900
225.2291838841482619614754123
225.9272198741451032751974171
223.4910760071690382958095683
219.7446074895567302124921155
221.1467368586339546718853376
223.9834798920712082865516781
223.5615905676525955511428407
220.7017696871100089018952943
217.9721633009286884750797904
220.4854781490565019619028644
222.2081101325070326747703521
221.0366545659761718411649540
217.9850611368424716073677501
217.0353131996761659727316035
219.6376327062912140665618699
220.3126126291294009466067553
218.5640776693606241410100081
215.6338515561514442088159828
216.2271623454305807894817265
218.2893046479954573270157462
218.1701107860971838900860644
216.0624929594463091827660910
213.9244351012866976610867015
215.4829678033819745763589287
216.8022901083954059964397788
216.0296770922615737880695761
213.6858194508418936528403205
212.6825696627954296078641744
214.3925801947237922939324528
215.0187160464608115316578128
213.7951108857731054698395879
211.5540942203866487534235255
211.7544221165951069069831432
213.2026911718095754471096297
213.1998419661387569688450445
211.6188214688794914704787224
209.8599606015605791532546558
210.7214773372808098938050729
211.7193668927755136991244543
211.2363265130296556517011227
209.4645829073490196315690454
208.5769765369006190158724180
209.6815161651605654159696591
210.1843411354171192863520945
209.2984675575606356794849647
207.5399880473830200659049851
207.4244945685347107275818434
208.4094216462086965296441626
208.4752933943180317095809488
207.3065703018212620092152734
205.9224627041656114988420663
206.3806096239408063949365143
207.0953826280897537111840868
206.7683472387036106664702317
205.4032485277142226986225158
204.5591683165547856182954550
205.2134948752216150330770457
205.6052014979864007519835033
204.9737558167153809477394024
203.6231315817391319163651408
203.3916828623835058605944357
204.0394600672329681613580907
204.1043661224364954578184989
203.2169037703011194191275095
202.0756715479691910418888865
202.2275225116646382172784988
202.7166671555869352642606506
202.4979427086104866736646887
201.4594222451162079923810881
200.7369736202760287102023810
201.1071073935511301786704612
201.3834527689945699991346626
200.9099943989126458873593558
199.8399401087970143833118130
199.5035122540115271415554795
199.8908507674309765968425437
199.9421154502217208761617780
199.2725208072874169198736081
198.3660924866858680253897399
198.3620529040394178896054465
198.6771157652119263586941098
198.5093158679983664851128737
197.6974970361038584101797822
197.0406834039079187081997794
197.1918227642092499551597632
197.3688374324348699176778191
197.0114625047003075734898592
196.1781244682088191663444851
195.8325130730068432768316389
196.0461010781048606372768706
196.0662915554378411351131834
195.5426942468732539537198847
194.7895073050545815537927924
194.6595726645440505867967252
194.8336086894728346739137062
194.6964028660989504579479706
194.0652922594996912010106057
193.5083321508136581204042219
193.5351315827149535351443254
193.6308607240770324910470783
193.3439890613755624015702141
192.6718607919201947838642992
192.3057321871836182854227747
192.3808284632739107725934661
192.3681277267877234526870261
191.9556947566154318063017070
191.3473171293040402653290665
191.1688120610975096368222133
191.2454884150534034309917194
191.1189370659727840503037777
190.6117963984735155413841575
190.1142998112602198812388365
190.0403834126780452122270693
190.0657706001903979875583506
189.8281548212492637516038173
189.2912577652603819556905896
188.9500901747404239173253762
188.9422908562791331349215653
188.8998953565182838646082314
188.5566217124083302729307245
187.8387585194967192868913805
186.7748180050586766861152594
185.4280520560364913567895366
183.8651111185791656688831472
182.1445982825190725772767914
180.3143379039360977510267637
178.4119601297385877489839186
176.4664953016994549353409029
174.5000750961546622035286562
172.5294308872208875447298182
