19.0000000000000000084465977
19.0000303695652442183248814
21.4314116951895838526997653
35.9407685815304390333934326
45.1675673988198202042748072
48.2126807771409079598942438
48.4234898210683206851998020
53.7550464042745820951585589
65.3114970640274550318150580
70.3612313637438032421961587
70.9119381298773644610850680
69.9043033785450876895963994
77.3986114457530983198297295
85.2650718305481330174695846
87.4921573294077889325480892
86.5098089638452889172082003
86.3711406075710179078210956
94.3099853745569959647676301
99.1729297059411209638684474
99.5961022351776543770929416
97.7367725436320684806367423
99.8855223173269673619922851
106.5818063196029411033587823
109.2234165562347025569424442
108.4789719268627589144376541
106.5471476422740912861879075
110.7561949675780043674837417
115.6352727954801716199516568
116.6930044768851298704432691
115.1871047117704596007591457
114.3870836306166733999722726
119.2552984437079347085289607
122.4183779834334145240399183
122.3630860529140234885640050
120.4224341292822723284767330
121.4693549448266826055931700
125.8054140624374914959189648
127.5683779047256785899696340
126.7361222819401961056079033
124.9492221284906046656346133
127.5235649520705310377614466
130.8314416558780937606745172
131.5203569146828692931989316
130.1524610517566631764352159
129.3164419353178112285360803
132.4581636188377726308298235
134.6884714288692859559704912
134.5769659618471982912375634
132.9252650340017778918123579
133.4492599070498860122820384
136.3665435195472920957944224
137.6517876589878191626040818
136.9529554852536936918898760
135.4858993093792527048837020
137.0976706770462920388028392
139.4114510120789678583323241
139.9287551714470548318631022
138.8115265929824449794594645
138.0753785111158865880574829
140.1406681416610511502821930
141.7579416203897110598860710
141.6743812634928692073989586
140.3532177424246578540780156
140.5913444812807730654207887
142.5835122720892284551916994
143.5487470420703143301647228
143.0051725728883908246867842
141.8471120120438164126058073
142.8558307801057803853319982
144.4925255662531658283079826
144.8995736820084051683522346
144.0217474992757930069428037
143.4049919554622555596049029
144.7690161079887400500363824
145.9511962181257320023007117
145.9016854563872498859397941
144.8716865005315349981746257
144.9449050832948675665066143
146.3109045649330845966693863
147.0396992362473388450453795
146.6272623967777690309295523
145.7262642949952058366467216
146.3470037163453238005661076
147.5065593333929632760688400
147.8275835458502772997061454
147.1487982748422191714017839
146.6399020285368123952320714
147.5366067064167197073331000
148.3991391080119087164299831
148.3724919756979937325071888
147.5778113504954771703823034
147.5550171547964577022115428
148.4886252180083837128162693
149.0351805377827906669247630
148.7229367887823570951170155
148.0240864809982390385018020
148.3921345056669285377263855
149.2095318822078922592459779
149.4579581531485999195620007
148.9353599740700930861705091
148.5160627278189823450952012
149.0972428423053056514183676
149.7211825388941894338445969
149.7052235394404867227446763
149.0930904744685708697636280
149.0154906839937839947536043
149.6469789861761116308858548
150.0507831194662835572437141
149.8114819356687368743426072
149.2672917089434097523720599
149.4699030842101066188636671
150.0395947221041785294366824
150.2256338192018702025474902
149.8217247240528739295460301
149.4743761122413857727170805
149.8408201094832653193507219
150.2854050821870769920878247
150.2709669707759317344075562
149.7971502208161020739533040
149.6897738492644407743879702
150.1086302904795566719947090
150.4001432177828868675607388
150.2123483484278423580065739
149.7847004823923373718325256
149.8789104526866674067425799
150.2683346106705215943806867
150.4010595285345864070074427
150.0854623745758722320012216
149.7949853115887837096386964
150.0145975835036458448381911
150.3240073641978833190538550
150.3052614531975559954318249
149.9346640915260482133608747
149.8126486553431321190296399
150.0811935294483897153086049
150.2844874370464847039329186
150.1321948641535281913611084
149.7915887025137136730588865
149.8149553575810169341765882
150.0728391292227658118874069
150.1606037958642191793582775
149.9097142253539013728682451
149.6638276194350318940137077
149.7828065054910949783227416
149.9903244085117046692353885
149.9641112492560340616702405
149.6697328756059229555779963
149.5420636827003387340105220
149.7040973966857190722526803
149.8383494765848248974966984
149.7099851642413118543189896
149.4340523555057228835975878
149.4114029538951987782325979
149.5732123983377939124291534
149.6236266163641471365918050
149.4195888353733668433318741
149.2085074807761064356581982
149.2584974003261979691233883
149.3893185066574273187394535
149.3543469201892947114473164
149.1158297506384213343590651
148.9876626451392593006443892
149.0741662506082997214277664
149.1546623602456086047046423
149.0420594363475461969799782
148.8140503216187486352068637
148.7618209528079626510031173
148.8534898182664286078799410
148.8733314955386377968850637
148.7029000845165080470745664
148.5189220778501542625710593
148.5217025131423083940304328
148.5949371070609302703050705
148.5511130487974576802058081
148.3533283415224215850916019
148.2274592399841311056999095
148.2604464049896257275111652
148.2993377016594823436347190
148.1968643786441429317316537
148.0043387330338330031611348
147.9334076118352354576187581
147.9739559356778476419529861
147.9691254182173514240943952
147.8226287261653679246370883
147.6597416970967436935481286
147.6303535742497274894736534
147.6605034804707907204687429
147.6084367589772027365024799
147.4402670240459092369897663
147.3180652922360288774829759
147.3132298237683613029002300
147.3201371011846829287961685
147.2240041404213690511551091
147.0577757731754854963456599
146.9753305519665619843038298
146.9787346945755370722761505
146.9542654662196474713647914
146.8247384009406362313130935
146.6782800051744733760677190
146.6271354280218098484232568
146.6252014510738730139818556
146.5658685479506765045351778
146.4192188585241427869001004
146.3012171522566551861551087
146.2697746539999200520785589
146.2522818588082626966926084
146.1600130980842399808634881
146.0133292837471424476846114
145.9241050374590100339702673
145.9006477586724465401831066
145.8607609595937530763473821
145.7432523548552356632782762
145.6096288262861275914881106
145.5439472649078029036717940
145.5182676609658432814538751
145.4527931592272264657153832
145.3218161941926731849132922
145.2080788160177633429399537
145.1580588978266845551285519
145.1221180015379756010771602
145.0321555479079648501066303
144.9000717156070366584863224
144.8071745683311779700447343
144.7644267424048530216266190
144.7126121720398831213865657
144.6036476395392761290380567
144.4801047255598583988840265
144.4048969924180433316422569
144.3617851140208573862974651
144.2913071261188992463263708
144.1718096624112970427004879
144.0621583685637035635704097
143.9993170878220484871342402
143.9495792776647874480384780
143.8609946920156124313645317
143.7399034601480293929316987
143.6453594540467317699550315
143.5888973508428214632802310
143.5280061150262603843701776
143.4251801473994737441154120
143.3096186828159864177986024
143.2283642766190626939242677
143.1725943206786893884911706
143.0981869073544458129795818
142.9871826388754031659562979
142.8813313555055004240340779
142.8097985280569814844701298
142.7498835756655031619082004
142.6621700351401426024948203
142.5494490402585402596067075
142.4545699776909402074605709
142.3885010176066206196932550
142.3208392626659047700859448
142.2225105409377077619426761
142.1133391612881942888715669
142.0284541455663746795305232
141.9636312843005857234153875
141.8862642749027931848495123
141.7816409259265816805707458
141.6792729450997934598315898
141.6020129789140687146589235
141.5347268718411968112014184
141.4476519223764755818527655
141.3414017364513327555722546
141.2470287732015578117635109
141.1743777228383290246418555
141.1017949029463358287213567
141.0068618086773598509329180
140.9028801706862713334634835
140.8160411682390113464539096
140.7448834497912286248573337
140.6654060057352891305009486
140.5656798338739841587566779
140.4664893025527907578156261
140.3856301444981636333595490
140.3131397285820093104058384
140.2266426428401332695616856
140.1254924297367089706527445
140.0321579208512018480524153
139.9551509830096764798819822
139.8791191828392289413265600
139.7868563997652232901277773
139.6871632334951566001981780
139.5995321786765221755751125
139.5240850546070820940924602
139.4432237014420349434587615
139.3473598259114864091226059
139.2510715935742615203733912
139.1681399057207046047273182
139.0920067450605947218951665
139.0021371324474323857061404
138.8761595650658625845220779
138.6967678825934489541089262
138.4535214371709797572539641
138.1420786675074285817180696
137.7626357046491182349153268
137.3183967103364327034019623
136.8143528841473404357550324
136.2564019562051480293267580
135.6507539485348793040044343
