19.0000000000000000168931954
19.0000607391304884366497628
23.8628233903791677053995306
52.8815371630608780667868652
71.3351347976396404085496144
77.4253615542814817775354442
77.8469794949699814270635317
88.5100636167275879075671362
111.6224879952985474556901611
121.7194771598163717723669065
122.8139181073860512517370200
120.7849016874400341146430158
135.7516529588711529486337936
151.4537275056414188125323591
155.8668555542088792394291787
153.8496402721285332200661320
153.5077736997433785577314566
169.3092540214661481713073334
178.9475696180425505331268126
179.6947407511735012684074481
175.8651224537452460742913458
180.0404036638010898554858843
193.3004704939293942698303677
198.4414135797940408928932159
196.8004555957478079865925011
192.7751831900914837473377060
201.0229891903040645929626109
210.6031353872718404824964312
212.5331480946760856436566715
209.3284406020387468430126858
207.5284691854565893730930596
217.0588966169474622186524871
223.1736343578184080688213098
222.8462225748002119948389759
218.7426896760781616678774849
220.6094763302863604603579783
229.0505528508509432548516392
232.3417574998812566532303181
230.4386830076933628405023987
226.6225789424682368727872619
231.5258831433390199035385137
237.8937967402454869176114261
239.0213305947817319777792869
236.0325794942575315887933677
234.1051635982795547074888974
240.1314794920657860476403429
244.3335597097544451750407844
243.8504003164503190360102538
240.2850931691309621138463794
241.0698131963690543184200001
246.6403203201195009143112736
248.9460244661433789088590022
247.2825552766909203293645608
244.0816104646281205516416447
247.0377853820952963438411165
251.3978361561478259361142067
252.1646374032128681718189535
249.6617956440611833326796138
247.9206985893233309237259241
251.7825664820882220044300964
254.7486594922172257202638109
254.3130522890855001037391095
251.4020269272496604710445909
251.6096831938257144680398309
255.3259453277835637108242614
256.9888150737091553536330960
255.6342114808863186919700066
253.0507545689972198640097442
254.8013796688174347350683626
257.8087440215084185777622547
258.3573853398030391187470817
256.3365686917817629192062040
254.8383233986864307523687629
257.3024764582225533701375063
259.4038522971947504921135587
259.0424500585663261082964571
256.7205101349152571367902997
256.6057202651044027705251515
259.0775329018201995977490051
260.2758700481210843420519824
259.1923629468447812145608670
257.1323378667697176747700203
258.1167413057536819669778856
260.1799113277904277898174539
260.5669173051961719765042245
258.9549518679461442544345916
257.6835491436654079512011117
259.2244726474102576869613473
260.6981902540289494743456932
260.3943917174585935189978687
258.5552340258875254695271661
258.2608099647266187295004300
259.8804062923146512937967640
260.7269796038970152319572544
259.8567519436266454645361957
258.2141137405749766254481845
258.7063801257961690408168729
260.0985754523881740184880989
260.3538254100699205154112964
259.0678086551777969915366156
257.9893142359136625034321314
258.9129790361756058713563013
259.9233455682155300044240900
259.6548251216408932250574462
258.1947638754340044014307490
257.8048090924541562382504478
258.8342702135456793729455612
259.4094587827342749390741205
258.6992824397036766918665377
257.3801976267487662545123497
257.5558525505736605566213453
258.4668840294118366234060924
258.6116054013115359260762839
257.5772474340156430886331655
256.6569650985280616827857671
257.1654593562850256198064791
257.8313823359753747498017630
257.5801619782442183564861388
256.4110131924616002084089053
255.9757861232175687522119851
256.5942209041961549973049178
256.9590201075382724100080485
256.3660404198488015312192425
255.2942297923659864882109350
255.2672415250877279619422570
255.8318360814725829607812913
255.8839830511165481876269965
255.0402925264145894889777905
254.2477826418023251039407283
254.4765877622083386294110259
254.8860661913588326230309764
254.6400967731350120649401200
253.6912384927956788414072613
253.2405491702326787614779324
253.5721047673909617469318660
253.7741430741375096831705001
253.2658113873924307487461049
252.3817037211931396488833983
252.2265920338702227486201124
252.5415893533166456372090809
252.5172394706590567915107294
251.8163573320741452913796640
251.1263843885568231506128922
251.1672064095471543124430310
251.3861054792620817935858168
251.1383549299697881171365180
250.3550565448558105563215435
249.9061289892494574312120215
250.0376498549776190758953265
250.1145191319485787454159259
249.6669154429595168380104254
248.9249884911944977130703188
248.6906116547167550437942452
248.8261434410972756852271351
248.7397123008349199542174809
248.1451148616528873490938209
247.5372860221544628199449243
247.4525861895623617387683046
247.5304679187163326264545843
247.2775232412441545182784280
246.6182314797580997718414745
246.1805330807448544093182243
246.1731363273643242433885330
246.1545646382923668174491804
245.7505092785227765398165925
245.1164120481414362843397559
244.8347878777961013347021424
244.8418696678680174559225981
244.7060630454396757163842745
244.1904070392524675758405579
243.6484622549977562257206160
243.4809441718658516355015481
243.4551778589894934384689983
243.1960013429129248182195695
242.6296067687140444909758187
242.2078761017113211058483168
242.1047394463733939131437373
242.0141840665902724286591872
241.6415693902761073052072117
241.0895756476005099477003656
240.7816161925470454164585089
240.6974490139517487741705049
240.5232327600466856088170085
240.0663403428210777250976506
239.5774199392695358784392427
239.3563343432912023725991727
239.2550984914657405955337636
238.9900879431621974163710436
238.4935337884282478463717724
238.0896892552943228621356532
237.9213855336522972368479606
237.7772790098550269528541110
237.4277198233506189521708981
236.9386508613916625736846826
236.6179285419464728306758421
236.4696686540678230339649132
236.2663182022627762278374235
235.8534691669356141891053850
235.4074598512356783644268042
235.1528474720283710655397187
234.9973666853019458118599052
234.7277019038354167542777931
234.2840263345990045500486869
233.8983641367220874589246882
233.6865616561969731878927206
233.5033148671805902035726076
233.1711046056827877643047208
232.7307022208975438981967427
232.4059388047784809214818818
232.2134099289355566557662385
231.9886306688145255163828871
231.6091877954078647678778206
231.1981695049930600094901418
230.9237423146956574705470245
230.7299724484685680458666026
230.4571857399380657856913495
230.0539789918160194345102586
229.6859161485064807898440337
229.4459687639701516107678331
229.2347858528947108175121401
228.9161117339370182723514414
228.5137918326965133989570535
228.1905093070567487911776268
227.9681692197332454206627003
227.7282613392221073201377868
227.3745985891116682654416138
226.9923883666952675672125155
226.7074990723729342631101158
226.4874037603627746860207266
226.2131117985047188247001395
225.8413298534390912790737879
225.4898560874866271741542321
225.2326280309381268287076967
225.0021685423791436501410503
224.6945335106768683706281115
224.3224434566813322273902740
224.0040607078794427867081663
223.7624345402002958162656037
223.5124769387655366665634501
223.1791621194786864204357449
222.8209434414810095431964520
222.5319381127161235096997717
222.2944580895455073791137356
222.0202045035331532518251506
221.6732723152379472655797570
221.3372168332802579510099349
221.0703745351174720987564308
220.8272893006274729357446695
220.5290934391352753526326741
220.1814046286454737726791274
219.8699658619403874289309616
219.6166942734098518636542069
219.3607286787368366798090938
219.0439106386063848646850209
218.7059352593713628364003740
218.4170853877278216428801277
218.1688750370343571020915231
217.8960463364864785318348620
217.5691882560236789835092184
217.2473702036975939311816884
216.9762999711838557924265620
216.7256624010562023454575054
216.4359044576912122345884419
216.1082840777102469583622927
215.8049418344251102613717129
215.5455492333386824949636846
215.2867525972477332043361373
214.9837080858457313985079710
214.6630582197527594013853707
214.3772044046865903271492500
214.1231912891310688590672116
213.8529797503040543822878989
213.5427242456022783996713228
213.2340313251215552777053091
212.9624928757965612750949019
212.7081439321706570722787632
212.4262117400832818661109778
212.1154297279260357049845769
211.8207641831543530181221574
211.5592225459933993284098633
211.3000613800888880050836411
211.0088639365282115945604158
210.7032639927775969670289563
210.4222610726361162732688335
210.1660706681351821144877174
209.8994661187994676450816036
209.6032821271648182707718345
209.3067059520698099955020232
209.0372984533037039062751346
208.7819101164614120001628354
208.4994535839529794231584610
208.1452081974123479243486185
207.6845845216422976268389327
207.0966866624990695886342767
206.3728006091199783177914934
205.5133325761050480118501811
204.5248048023922257603149008
203.4174377472380533107964999
202.2033820588899940827548298
200.8955030376349273382674674
