19.0000000000000000231638010
19.0000801378551182015061279
25.8197582932638437433060106
73.3980696248153693816065864
108.9370458556237494345151202
123.1839020661594330957695465
126.3356754606938111998829095
143.2646508037168043506208839
184.2177076505240769912176546
205.7204306282907923462322976
210.7780254530687595771632923
208.8582190407304291875314117
232.8842069718917123232994984
262.4289506602529359069821119
273.4582867662833448102606964
272.2956227108009055697534735
271.7397901301651230978702114
298.2981146698642329203016765
317.6911340846808940581092670
321.6345630317210925506650570
316.6004205142056724134358559
322.6456437981868256720013642
346.1735298070967287385603222
357.5948654081048083245592960
356.7372287822945967218581309
350.5140884429475421215633640
363.4680696545006481721126631
381.4469993267960521260859706
386.9159373807378969981851980
382.7911720287742024015429469
379.4027162262529705783780330
395.3492292271320037740758711
407.6002755464397719242314619
408.7217473794012106213404647
402.5425978751553064715371792
404.8349878096557029914352953
419.7682379529066556219300621
427.0705388745933288400552485
425.0497632611636352297414323
418.7599887203374362617818318
426.3477294051179728387138902
438.2335816682486521859648835
441.5733832965147286849932650
437.3065669443868496187292645
433.6389664581095932510076345
443.7065849482655579416980576
452.0493407846309898204468796
452.3307268631771814422052932
446.7064418263170910202442925
447.3717645879984930303911288
457.2106980357043894629102886
462.2588266423614170398797771
460.2257001342116114664105776
454.7955399896863692216725189
459.3095753201249853784644915
467.4109675036816309558406728
469.6689969294610493431352213
465.9287105875367617985492711
462.6107891230163831118533261
469.0554424413089245612986078
474.8936644560188105948648488
474.8963413208077548548810021
470.1804446509687955691920942
470.0407459360817852348282555
476.5968567222759310137315795
480.1849425921909032874194842
478.4121387590712150427926461
473.9514450720937562092949715
476.5734455015515807620502392
482.1410996916651706842318837
483.7239569443229380085176775
480.6143977448907067667021901
477.7653493848113940712303312
481.8666465947447156566547666
485.9734336007876983805841762
485.8652804834713984928450362
482.0312133867845020748027932
481.4727298314883527411822830
485.8263291995108960788226007
488.3811757259341495587659355
486.8937297566340353033932882
483.2916894433087399898359131
484.7118921563644723172904082
488.5193059835059395856738346
489.6219561092160208375662752
487.0836527330807766025016426
484.6744871470044608816717107
487.2227360865530175620423855
490.0867259103352555030302741
489.9147138010210489926688180
486.8299894036336988237296966
486.0567053954475055884722094
488.9006143432757118146606604
490.6909222177813019659569717
489.4457860548457216119902273
486.5447606042195709182704042
487.1919671732385140289660363
489.7525359087356905891803611
490.4887258018947013045959674
488.4214164040661170633727963
486.3852122790018867842085958
487.8909539229030408712602573
489.8458965427377938543234716
489.6206274398078067794605249
487.1373473922442542275399974
486.2637349401389041794879685
488.0604982660828957312074083
489.2729834669417640463612600
488.2156222872025111428826855
485.8659667402783813661567286
486.0150265227024663820422884
487.6832315617998896259243104
488.1307253435382482221650957
486.4345982141973515078198808
484.7022125008696159863056335
485.5038537147763001897288709
486.7878267429110768370428542
486.5112477600439156027517509
484.4963988129358761370363037
483.5880307483786200917558508
484.6539186693577591753452026
485.4259100431634903345327506
484.5077367626545608454948931
482.5834670181932052955861211
482.4134096447201655677115167
483.4397256197904451824473431
483.6574535257052846432631980
482.2464456281414380013830515
480.7573030364152203554209734
481.0826974156170637888198820
481.8697277320616828177043720
481.5437310361639561969370070
479.8873938544199829761846949
478.9814414941585583443098268
479.5359720541004124108784395
479.9716133297730322326501849
479.1541109844955372007464859
477.5547588273528919873602114
477.1831183721522766355124343
477.7470266001370198136438675
477.7821329077429342590778459
476.5867767811310292507537250
475.2910130497492723482128937
475.2951042119997536708455720
475.7141575421997538683328197
475.3425368392149077558532235
473.9577855211460917047491808
473.0744554029221765541493853
473.2714848185172157084420264
473.4509787900804933129387263
472.7053609820809122324378909
471.3531149501715468189811695
470.8572708740119107935914322
471.0885051969327994276465886
470.9795752490718591418618555
469.9458997876150421918682991
468.8036257542538545822301375
468.5924411945867827071852601
468.7398181568027983696479152
468.3280606922540229967882386
467.1479731812317052486196025
466.2972932820162926378455299
466.2453529194402590730654717
466.2308902574148847342789133
465.5364614703135055809201183
464.3720923446784720128895267
463.8029502437985954129580003
463.7957952362394148380557697
463.5745911986538044992559196
462.6617198503493322480573649
461.6414953827830948291829662
461.2878650275167961554990428
461.2357600545003325146274981
460.7903169683339005226594420
459.7642987881557276547564458
458.9502751346940515223837475
458.7262456651465085675835837
458.5661522574788612686028120
457.9084962397123620830032452
456.8874057230057000959620942
456.2783298214577672575317310
456.1015316411525007448917973
455.7941281233698358226461941
454.9716796685415305248793307
454.0489348603731125936989598
453.6029811107009986888911406
453.4056100224921490142495690
452.9332083376294784668947021
452.0235078248852914963670129
451.2466986890654035310888561
450.9051798380152149692659447
450.6369867712093078855644065
450.0063613403778739042794992
449.0952034462189760116675162
448.4679134376533049464120853
448.1716859761436342176208321
447.7993474994681475612229309
447.0450781844901540343952221
446.2007165671416814441649717
445.6969456953100721407169055
445.3950335893020118277714272
444.9021785593293998298154038
444.0809034438109732637194348
443.3400078103279475961603366
442.9198244917383090866317954
442.5726170068031765196084913
441.9626526138694105300672394
441.1366104297350703475238666
440.5050992904498135958838668
440.1261429523192804400395957
439.7060697322717668934475854
439.0038981162890093351821009
438.2231329390229968645377238
437.6852727078498762053339651
437.3093872483054100709892954
436.8020556441286948102171023
436.0487529712522490138583656
435.3415755423708528226446815
434.8703386386876111510870631
434.4665855866060655951072771
433.8732804340555422137986827
433.1139404720397315484757114
432.4870859815613002515951714
432.0522153629869418315816415
431.5981996591918860271722632
430.9366254909437296975797276
430.2080368655102318460741512
429.6523580333590770285170180
429.2254060669396836841713344
428.7088885257688928936792693
428.0086458467878291342037352
427.3326668403591272003092729
426.8299923242107208732899689
426.3869833822471624191813312
425.8079524702405302010044287
425.1016765955278012096946237
424.4849838912035585674313994
424.0137661801670798210052139
423.5367709646085958967207602
422.9076469322383139204003650
422.2224292868940353659164643
421.6600365788286556647156298
421.1991432409089200336396419
420.6779901098017813451326145
420.0199788384842218721401799
419.3726750809939385396955338
418.8524675685618555164077302
418.3834461669043579493250639
417.8173742115749643130569286
417.1540674056838822439809265
416.5508308284732391172771857
416.0575128609494771899281491
415.5661759658818928226198327
414.9637744758833113312955160
414.3151415471924603041863504
413.7535588293085888619861540
413.2714857222186511417715407
412.7495189434460391428430171
412.1258948776018022906029486
411.5049067997823740004919437
410.9769853897843158739665551
410.4920420848610726449910738
409.9382938897620249657600949
409.3104789917667441597649611
408.7225549763760426811717093
408.2174748272066517932428736
407.7185412908479657714242815
407.1388578701673864659712153
406.5215755455693602972410450
405.9658449452208789004240881
405.4720619489699422905094204
404.9524254731841655777966406
404.3575090272287113635501951
403.7607145213925052271849516
403.2319734641259366505931892
402.7387493777827787425082335
402.1970985659153102459928865
401.5992254914516041117061811
401.0275448154095015190695599
400.5181678469058087630863375
400.0168549596096724940743108
399.4570960765878401843475787
398.8671178072681417204262939
398.3205627879533392487589273
397.8220585768016178472688249
397.3072883759713895228900144
396.7369593037638851787097660
396.1624933837068132954026183
395.6377319424750370738656601
395.1416105766651779168709263
394.5979511359300740218217498
393.9209390921999927405413829
393.0424490885044496496019205
391.9200053406925353586563994
390.5346047686131158171538537
388.8851750315147822167600731
386.9828988709053359282597465
384.8465415042687679033262291
382.4989765546414239106634037
379.9647622876736285404495570
