19.0000000000000000084465977
19.0000303695652442183248814
21.4314116951895838526997653
35.9407685815304390333934326
45.1675673988198202042748072
48.2126807771407408887677220
48.4234897474849907135317658
53.7550318083637939537835681
65.3112439976492737278450806
70.3597385799081858861834532
70.9069590536930256258685100
69.8924508437200170573215079
77.3758264794355764743168968
85.2268637528207094062661796
87.4334277771044396197145893
86.4248201360642666100330659
86.2538868498716892788657282
94.1546270107330740856536667
98.9737848090212752665634063
99.3473703755867506342037241
97.4325612268726230371456729
99.5202018319005449277429422
106.1502352469646971349151838
108.7207067898970204464466080
107.9002277978739039932962505
105.8875915950457418736688531
110.0114945951520322964813054
114.8015676936359202412482156
115.7665740473380428218283358
114.1642203010193734215063429
113.2642345927282946865465298
118.0294483084737311093262436
121.0868171789092040344106549
120.9231112874001059974194880
118.8713448380390808339387425
119.8047381651431802301789892
124.0252764254254716274258196
125.6708787499406283266151591
124.7193415038466814202511994
122.8112894712341184363936310
125.2629415716695099517692569
128.4468983701227434588057131
129.0106652973908659888896435
127.5162897471287657943966838
126.5525817991397773537444486
129.5657397460328930238201715
131.6667798548772225875203921
131.4252001582251595180048817
129.6425465845654808920959244
130.0349065981845208689603667
132.8201601600597504571556369
133.9730122330716894544295011
133.1412776383454601646822804
131.5408052323140602758208224
133.0188926910476481719205582
135.1989180780739129680571033
135.5823187016064340859094767
134.3308978220305916663398069
133.4603492946616654618629620
135.3912832410441110022150482
136.8743297461086128601319055
136.6565261445427500518695548
135.2010134636248302355222954
135.3048415969128572340199155
137.1629726638917818554121307
137.9944075368545776768165481
137.3171057404431593459850032
136.0253772844986099320048721
136.9006898344087173675341813
138.4043720107542092888811272
138.6786926699015195593735408
137.6682843458908814596031020
136.9191616993432153761843815
138.1512382291112766850687531
139.2019261485973752460567794
139.0212250292831630541482285
137.8602550674576285683951498
137.8028601325522013852625757
139.0387664509100997988745025
139.6379350240605421710259912
139.0961814734223906072804334
138.0661689333848588373850101
138.5583706528768409834889428
139.5899556638952138949087270
139.7834586525980859882521122
138.9774759339730721272172957
138.3417745718327039756005559
139.1122363237051288434806737
139.8490951270144747371728467
139.6971958587292967594989344
138.7776170129437627347635830
138.6304049823633093647502151
139.4402031461573256468983820
139.8634898019485076159786272
139.4283759718133227322680978
138.6070568702874883127240922
138.8531900628980845204084364
139.5492877261940870092440494
139.6769127050349602577056483
139.0339043275888984957683078
138.4946571179568312517160657
138.9564895180878029356781507
139.4616727841077650022120450
139.3274125608204466125287231
138.5973819377170022007153745
138.4024045462270781191252240
138.9171351067728396864727805
139.2047293913671374695370603
138.8496412198518383459332690
138.1900988133743831272561748
138.2779262752868302783106726
138.7334420147059183117030462
138.8058027006557679630381420
138.2886237170078215443165827
137.8284825492640308413928836
138.0827296781425128099032395
138.4156911679876873749008815
138.2900809891221091782430695
137.7055065962308001042044526
137.4878930616087843761059926
137.7971104520980774986524589
137.9795100537691362050040243
137.6830202099244007656096212
137.1471148961829932441054675
137.1336207625438639809711285
137.4159180407362914803906455
137.4419915255582740938134983
137.0201462632072947444888953
136.6238913209011625519703641
136.7382938811041693147055130
136.9430330956794163115154882
136.8200483865675060324700600
136.3456192463978394207036307
136.1202745851163393807389662
136.2860523836954808734659330
136.3870715370687548415852501
136.1329056936962153743730524
135.6908518605965698244416990
135.6132960169351113743100563
135.7707946766583228186045405
135.7586197353295283957553647
135.4081786660370726456898320
135.0631921942784115753064461
135.0836032047735771562215155
135.1930527396310408967929083
135.0691774649848940585682590
134.6775282724279052781607719
134.4530644946247287156060108
134.5188249274888095379476633
134.5572595659742893727079630
134.3334577214797584190052127
133.9624942455972488565351595
133.8453058273583775218971225
133.9130717205486378426135675
133.8698561504174599771087404
133.5725574308264436745469104
133.2686430110772314099724621
133.2262930947811808693841523
133.2652339593581663132272921
133.1387616206220772591392140
132.8091157398790498859207372
132.5902665403724272046591121
132.5865681636821621216942666
132.5772823191461834087245903
132.3752546392613882699082962
132.0582060240707181421698780
131.9173939388980506673510712
131.9209348339340087279612990
131.8530315227198378581921372
131.5952035196262337879202789
131.3242311274988781128603079
131.2404720859329258177507740
131.2275889294947467192344992
131.0980006714564624091097846
130.8148033843570222454879093
130.6039380508556605529241584
130.5523697231866969565718686
130.5070920332951362143295936
130.3207846951380536526036059
130.0447878238002549738501829
129.8908080962735227082292546
129.8487245069758743870852524
129.7616163800233428044085042
129.5331701714105388625488251
129.2887099696347679392196213
129.1781671716456011862995862
129.1275492457328702977668818
128.9950439715810987081855217
128.7467668942141239231858862
128.5448446276471614310678265
128.4606927668261486184239803
128.3886395049275134764270554
128.2138599116753094760854491
127.9693254306958312868423413
127.8089642709732364153379210
127.7348343270339115169824566
127.6331591011313881139187117
127.4267345834678070945526924
127.2037299256178391822134022
127.0764237360141855327698594
126.9986833426509729059299525
126.8638509519177083771388965
126.6420131672995022750243435
126.4491820683610437294623441
126.3432808280984865939463603
126.2516574335902951017863038
126.0855523028413938821523604
125.8653511104487719490983714
125.7029694023892404607409409
125.6067049644677783278831192
125.4943153344072627581914436
125.3045938977039323839389103
125.0990847524965300047450708
124.9618711573478287352735124
124.8649862242342840229333013
124.7285928699690328928456748
124.5269894959080097172551293
124.3429580742532403949220168
124.2229843819850758053839166
124.1173929264473554087560702
123.9580558669685091361757206
123.7568959163482566994785267
123.5952546535283743955888136
123.4840846098666227103313500
123.3641306696110536600688933
123.1872992945558341327208070
122.9961941833476337836062577
122.8537495361864671315550581
122.7437018801813873430103632
122.6065558992523594123500697
122.4206649267195456395368938
122.2449280437433135870771159
122.1163140154690634143538484
122.0010842711895718250705252
121.8472667553384341853140558
121.6612217283406661136951371
121.5020303539397213933540832
121.3812172701001479081328018
121.2562384693827683332817251
121.0895810597393432102178724
120.9104717207405047715982260
120.7659690563580617548498858
120.6472290447727536895568678
120.5101022517665766259125753
120.3366361576189736327898785
120.1686084166401289755049674
120.0351872675587360493782154
119.9136446503137364678723348
119.7645467195676376763163370
119.5907023143227368863395637
119.4349829309701937144654807
119.3083471367049259318271035
119.1803643393684183399045470
119.0219553193031924323425105
118.8529676296856814182001870
118.7085426938639108214400638
118.5844375185171785510457616
118.4480231682432392659174309
118.2845941280118394917546093
118.1236851018487969655908442
117.9881499855919278962132809
117.8628312005281011727287528
117.7179522288456061172942209
117.5541420388551234791811462
117.4024709172125551306858564
117.2727746166693412474818423
117.1433762986238666021680686
116.9918540429228656992539855
116.8315291098763797006926854
116.6886022023432951635746250
116.5615956445655344295336058
116.4264898751520271911439494
116.2713621228011391998356614
116.1170156625607776388526545
115.9812464378982806375474510
115.8540719660853285361393816
115.7131058700416409330554889
115.5577148639630178524922885
115.4103820915771765090610788
115.2796112729966996642049316
115.1500306900444440025418205
115.0044319682641057972802080
114.8516319963887984835144780
114.7111305363180581366344167
114.5830353340675910572438587
114.4497330593997338225408018
114.3016410635824091353859173
114.1533529760349049977510115
114.0186492266518519531375673
113.8909550582307060000814178
113.7497267919764897115792305
113.5726040987061739621743094
113.3422922608211488134194664
113.0483433312495347943171383
112.6864003045599891588957468
112.2566662880525240059250905
111.7624024011961128801574504
111.2087188736190266553982501
110.6016910294449970413774148
109.9477515188174636691337337
